# timestamp workers_connected workers_init workers_idle workers_busy workers_able workers_joined workers_removed workers_released workers_idled_out workers_blocked workers_slow workers_lost tasks_waiting tasks_on_workers tasks_running tasks_with_results tasks_submitted tasks_dispatched tasks_done tasks_failed tasks_cancelled tasks_exhausted_attempts time_send time_receive time_send_good time_receive_good time_status_msgs time_internal time_polling time_application time_scheduling time_execute time_execute_good time_execute_exhaustion bytes_sent bytes_received bandwidth capacity_tasks capacity_cores capacity_memory capacity_disk capacity_instantaneous capacity_weighted total_cores total_memory total_disk committed_cores committed_memory committed_disk max_cores max_memory max_disk min_cores min_memory min_disk
1697463197462829 0 0 0 0 0 0 0 0 0 0 0 0 0 0 0 0 0 0 0 0 0 0 0 0 0 0 0 0 0 0 0 0 0 0 0 0 1.000000 0 0 0 0 0 0 0 0 0 0 0 0 0 0 0 0 0 0
1697463197463403 0 0 0 0 0 0 0 0 0 0 0 0 0 0 0 0 0 0 0 0 0 0 0 0 0 0 0 0 0 0 0 0 0 0 0 0 1.000000 10 10 5120 10240 10 10 0 0 0 0 0 0 0 0 0 0 0 0
1697463255694708 1 0 0 1 1 1 0 0 0 0 0 0 99 1 1 0 100 0 0 0 0 0 3258 109 0 0 763 5826 57935793 284444 19 0 0 0 2071 0 1.000000 10 10 5120 10240 10 10 10 4000 13080 0 0 0 10 4000 13080 10 4000 13080
1697463257736619 4 0 3 1 4 4 0 0 0 0 0 0 90 10 10 0 100 10 0 0 0 0 21643 143 0 0 2241 6012 59958510 284444 7878 0 0 0 20710 0 1.000000 10 10 5120 10240 10 10 40 16000 52326 10 4000 13080 10 4000 13085 10 4000 13080
1697463274001496 4 0 2 2 4 4 0 0 0 0 0 0 89 11 11 0 100 10 0 0 0 0 34404 179 0 0 174349 11880 76031522 284546 17003 0 0 0 22781 0 1.000000 10 10 5120 10240 10 10 40 16000 52326 10 4000 13080 10 4000 13085 10 4000 13080
1697463277680847 4 0 0 4 4 4 0 0 0 0 0 0 60 40 40 0 100 40 0 0 0 0 50528 211 0 0 174750 12012 79695046 284546 17223 0 0 0 82840 0 1.000000 10 10 5120 10240 10 10 40 16000 52326 40 16000 52320 10 4000 13085 10 4000 13080
1697463298824825 4 0 0 4 4 4 0 0 0 0 0 0 60 40 39 1 100 40 0 0 0 0 63161 259 0 0 176277 12181 100824311 284595 17223 19988919 0 0 82840 0 1.000000 10 10 5120 10240 10 10 40 16000 52326 40 16000 52320 10 4000 13085 10 4000 13080
1697463298825084 4 0 0 4 4 4 0 0 0 0 0 0 60 39 39 0 100 40 1 0 0 0 63161 692 0 52 176277 12212 100824311 284595 17223 19988919 19988919 0 82840 0 1.000000 10 10 5120 10240 10 10 40 16000 52326 39 15600 51012 10 4000 13085 10 4000 13080
1697463299049015 4 0 0 4 4 4 0 0 0 0 0 0 59 39 39 0 100 41 2 0 0 0 64400 1110 0 96 176454 12254 101046034 284895 17232 40206209 40206209 0 84911 0 1.000000 10 10 4000 13080 1 10 40 16000 52326 39 15600 51012 10 4000 13085 10 4000 13080
1697463299115898 4 0 0 4 4 4 0 0 0 0 0 0 58 39 39 0 100 42 3 0 0 0 65472 1427 0 140 176536 12304 101111269 284989 17276 60031894 60031894 0 86982 0 1.000000 10 10 4000 13080 1 10 40 16000 52326 39 15600 51012 10 4000 13085 10 4000 13080
1697463299265620 4 0 0 4 4 4 0 0 0 0 0 0 57 39 39 0 100 43 4 0 0 0 66495 1760 0 189 176629 12386 101259313 285095 17284 79548192 79548192 0 89053 0 1.000000 10 10 4000 13080 4 10 40 16000 52326 39 15600 51012 10 4000 13085 10 4000 13080
1697463299333535 4 0 0 4 4 4 0 0 0 0 0 0 56 39 39 0 100 44 5 0 0 0 67620 2216 0 238 176758 12447 101325323 285194 17293 99595438 99595438 0 91124 0 1.000000 10 10 4000 13080 4 10 40 16000 52326 39 15600 51012 10 4000 13085 10 4000 13080
1697463299384605 4 0 0 4 4 4 0 0 0 0 0 0 55 39 39 0 100 45 6 0 0 0 68698 2539 0 286 176880 12498 101374711 285261 17301 119238341 119238341 0 93195 0 1.000000 10 10 4000 13080 4 10 40 16000 52326 39 15600 51012 10 4000 13085 10 4000 13080
1697463299394634 4 0 0 4 4 4 0 0 0 0 0 0 54 39 39 0 100 46 7 0 0 0 69806 2881 0 333 177015 12539 101382985 285354 17310 138888516 138888516 0 95266 0 1.000000 10 10 4000 13080 4 10 40 16000 52326 39 15600 51012 10 4000 13085 10 4000 13080
1697463299503024 4 0 0 4 4 4 0 0 0 0 0 0 53 39 39 0 100 47 8 0 0 0 70820 3216 0 382 177127 12605 101489720 285441 17318 158641963 158641963 0 97337 0 1.000000 10 10 4000 13080 4 10 40 16000 52326 39 15600 51012 10 4000 13085 10 4000 13080
1697463299522816 4 0 0 4 4 4 0 0 0 0 0 0 52 39 39 0 100 48 9 0 0 0 71869 3598 0 431 177335 12659 101507685 285516 17354 178874182 178874182 0 99408 0 1.000000 10 10 4000 13080 4 10 40 16000 52326 39 15600 51012 10 4000 13085 10 4000 13080
1697463299774926 4 0 0 4 4 4 0 0 0 0 0 0 51 39 39 0 100 49 10 0 0 0 73063 3943 0 482 177466 12699 101757937 285621 17362 199356829 199356829 0 101479 0 1.000000 10 10 4000 13080 4 10 40 16000 52326 39 15600 51012 10 4000 13085 10 4000 13080
1697463299823262 4 0 0 4 4 4 0 0 0 0 0 0 50 39 39 0 100 50 11 0 0 0 74027 4290 0 529 177580 12737 101804641 285754 17370 219886042 219886042 0 103550 0 1.000000 10 10 4000 13080 4 10 40 16000 52326 39 15600 51012 10 4000 13085 10 4000 13080
1697463300075781 4 0 0 4 4 4 0 0 0 0 0 0 49 39 39 0 100 51 12 0 0 0 75136 4624 0 587 177714 12783 102055404 285851 17379 241129299 241129299 0 105621 0 1.000000 10 10 4000 13080 4 10 40 16000 52326 39 15600 51012 10 4000 13085 10 4000 13080
1697463300129512 4 0 0 4 4 4 0 0 0 0 0 0 48 39 39 0 100 52 13 0 0 0 76046 4963 0 631 177840 12828 102107537 285970 17387 262421281 262421281 0 107692 0 1.000000 10 10 4000 13080 1 10 40 16000 52326 39 15600 51012 10 4000 13085 10 4000 13080
1697463300165275 4 0 0 4 4 4 0 0 0 0 0 0 47 39 39 0 100 53 14 0 0 0 77147 5300 0 676 177984 12864 102141586 286033 17395 283753041 283753041 0 109763 0 1.000000 10 10 4000 13080 1 10 40 16000 52326 39 15600 51012 10 4000 13085 10 4000 13080
1697463300196328 4 0 0 4 4 4 0 0 0 0 0 0 46 39 39 0 100 54 15 0 0 0 78237 5849 0 750 178157 12898 102170671 286123 17403 304662043 304662043 0 111834 0 1.000000 10 10 4000 13080 1 10 40 16000 52326 39 15600 51012 10 4000 13085 10 4000 13080
1697463300421225 4 0 0 4 4 4 0 0 0 0 0 0 45 39 39 0 100 55 16 0 0 0 79103 6286 0 794 178273 12957 102393961 286215 17422 325789891 325789891 0 113905 0 1.000000 10 10 4000 13080 4 10 40 16000 52326 39 15600 51012 10 4000 13085 10 4000 13080
1697463300494004 4 0 0 4 4 4 0 0 0 0 0 0 44 39 39 0 100 56 17 0 0 0 79977 6673 0 840 178363 12993 102465115 286409 17430 347455225 347455225 0 115976 0 1.000000 10 10 4000 13080 4 10 40 16000 52326 39 15600 51012 10 4000 13085 10 4000 13080
1697463300598836 4 0 0 4 4 4 0 0 0 0 0 0 43 39 39 0 100 57 18 0 0 0 80873 7030 0 891 178471 13040 102568405 286507 17438 369219540 369219540 0 118047 0 1.000000 10 10 4000 13080 1 10 40 16000 52326 39 15600 51012 10 4000 13085 10 4000 13080
1697463300656416 4 0 0 4 4 4 0 0 0 0 0 0 42 39 39 0 100 58 19 0 0 0 81923 7542 0 956 178649 13097 102624053 286596 17447 391045144 391045144 0 120118 0 1.000000 10 10 4000 13080 1 10 40 16000 52326 39 15600 51012 10 4000 13085 10 4000 13080
1697463300732417 4 0 0 4 4 4 0 0 0 0 0 0 41 39 39 0 100 59 20 0 0 0 82838 7974 0 1005 178783 13132 102698440 286656 17471 412032062 412032062 0 122189 0 1.000000 10 10 4000 13080 1 10 40 16000 52326 39 15600 51012 10 4000 13085 10 4000 13080
1697463300954886 4 0 0 4 4 4 0 0 0 0 0 0 40 39 39 0 100 60 21 0 0 0 83730 8323 0 1055 178905 13166 102919397 286736 17480 434157301 434157301 0 124260 0 1.000000 10 10 4000 13080 4 10 40 16000 52326 39 15600 51012 10 4000 13085 10 4000 13080
1697463301561037 4 0 0 4 4 4 0 0 0 0 0 0 39 39 39 0 100 61 22 0 0 0 84605 8674 0 1104 179009 13199 103524034 286838 17488 455975762 455975762 0 126331 0 1.000000 10 10 4000 13080 1 10 40 16000 52326 39 15600 51012 10 4000 13085 10 4000 13080
1697463301593920 4 0 0 4 4 4 0 0 0 0 0 0 38 39 39 0 100 62 23 0 0 0 85440 8991 0 1150 179091 13232 103555436 287019 17497 477823553 477823553 0 128402 0 1.000000 10 10 4000 13080 4 10 40 16000 52326 39 15600 51012 10 4000 13085 10 4000 13080
1697463301615612 4 0 0 4 4 4 0 0 0 0 0 0 37 39 39 0 100 63 24 0 0 0 86450 9380 0 1199 179238 13269 103575335 287181 17506 500147651 500147651 0 130473 0 1.000000 10 10 4000 13080 4 10 40 16000 52326 39 15600 51012 10 4000 13085 10 4000 13080
1697463301785347 4 0 0 4 4 4 0 0 0 0 0 0 36 39 39 0 100 64 25 0 0 0 87414 9918 0 1248 179422 13322 103743204 287256 17527 523096277 523096277 0 132544 0 1.000000 10 10 4000 13080 5 10 40 16000 52326 39 15600 51012 10 4000 13085 10 4000 13080
1697463302200426 4 0 0 4 4 4 0 0 0 0 0 0 35 39 39 0 100 65 26 0 0 0 88294 10370 0 1297 179563 13355 104156519 287477 17535 546008606 546008606 0 134615 0 1.000000 10 10 4000 13080 1 10 40 16000 52326 39 15600 51012 10 4000 13085 10 4000 13080
1697463302235349 4 0 0 4 4 4 0 0 0 0 0 0 34 39 39 0 100 66 27 0 0 0 89146 10766 0 1378 179728 13388 104189858 287543 17557 568495940 568495940 0 136686 0 1.000000 10 10 4000 13080 5 10 40 16000 52326 39 15600 51012 10 4000 13085 10 4000 13080
1697463302994273 4 0 0 4 4 4 0 0 0 0 0 0 33 39 39 0 100 67 28 0 0 0 89949 11218 0 1425 179912 13425 104947113 287696 17565 591746540 591746540 0 138757 0 1.000000 10 10 4000 13080 4 10 40 16000 52326 39 15600 51012 10 4000 13085 10 4000 13080
1697463303884713 4 0 0 4 4 4 0 0 0 0 0 0 32 39 39 0 100 68 29 0 0 0 90783 11622 0 1473 180051 13455 105836017 287786 17574 615884045 615884045 0 140828 0 1.000000 10 10 4000 13080 5 10 40 16000 52326 39 15600 51012 10 4000 13085 10 4000 13080
1697463305333942 4 0 0 4 4 4 0 0 0 0 0 0 31 39 39 0 100 69 30 0 0 0 91741 11996 0 1525 180216 13488 107283542 287899 17583 641928558 641928558 0 142899 0 1.000000 10 10 4000 13080 5 10 40 16000 52326 39 15600 51012 10 4000 13085 10 4000 13080
1697463310342601 4 0 0 4 4 4 0 0 0 0 0 0 30 40 40 0 100 70 30 0 0 0 93916 12009 0 1525 180270 13518 112289770 287993 17592 641928558 641928558 0 144970 0 1.000000 10 10 4000 13080 5 10 40 16000 52326 40 16000 52320 10 4000 13085 10 4000 13080
1697463315744557 4 0 0 4 4 4 0 0 0 0 0 0 30 40 39 1 100 70 30 0 0 0 95375 12018 0 1525 180323 13542 117689905 288007 17592 661696561 641928558 0 144970 0 1.000000 10 10 4000 13080 5 10 40 16000 52326 40 16000 52320 10 4000 13085 10 4000 13080
1697463315744797 4 0 0 4 4 4 0 0 0 0 0 0 30 39 39 0 100 70 31 0 0 0 95375 12442 0 1579 180323 13580 117689905 288007 17592 661696561 661696561 0 144970 0 1.000000 10 10 4000 13080 5 10 40 16000 52326 39 15600 51012 10 4000 13085 10 4000 13080
1697463316120234 4 0 0 4 4 4 0 0 0 0 0 0 29 39 39 0 100 71 32 0 0 0 96177 12877 0 1626 180461 13617 118063826 288078 17600 681841143 681841143 0 147041 0 1.000000 10 10 4000 13080 1 10 40 16000 52326 39 15600 51012 10 4000 13085 10 4000 13080
1697463316205072 4 0 0 4 4 4 0 0 0 0 0 0 28 39 39 0 100 72 33 0 0 0 97063 13359 0 1697 180657 13662 118146942 288155 17608 702070204 702070204 0 149112 0 1.000000 10 10 4000 13080 1 10 40 16000 52326 39 15600 51012 10 4000 13085 10 4000 13080
1697463316431677 4 0 0 4 4 4 0 0 0 0 0 0 27 39 39 0 100 73 34 0 0 0 97965 13691 0 1751 180795 13707 118371984 288245 17617 722524346 722524346 0 151183 0 1.000000 10 10 4000 13080 1 10 40 16000 52326 39 15600 51012 10 4000 13085 10 4000 13080
1697463316504779 4 0 0 4 4 4 0 0 0 0 0 0 26 39 39 0 100 74 35 0 0 0 98766 14026 0 1800 180905 13751 118443679 288328 17626 743058141 743058141 0 153254 0 1.000000 10 10 4000 13080 1 10 40 16000 52326 39 15600 51012 10 4000 13085 10 4000 13080
1697463316852856 4 0 0 4 4 4 0 0 0 0 0 0 25 39 39 0 100 75 36 0 0 0 99520 14363 0 1846 181004 13782 118790351 288475 17636 763932732 763932732 0 155325 0 1.000000 10 10 4000 13080 1 10 40 16000 52326 39 15600 51012 10 4000 13085 10 4000 13080
1697463317172226 4 0 0 4 4 4 0 0 0 0 0 0 24 39 39 0 100 76 37 0 0 0 100266 14725 0 1895 181088 19383 119102693 288549 17644 785126774 785126774 0 157396 0 1.000000 10 10 4000 13080 1 10 40 16000 52326 39 15600 51012 10 4000 13085 10 4000 13080
1697463317706300 4 0 0 4 4 4 0 0 0 0 0 0 23 39 39 0 100 77 38 0 0 0 101163 15253 0 1946 181266 19458 119634703 288886 17658 806858632 806858632 0 159467 0 1.000000 10 10 4000 13080 1 10 40 16000 52326 39 15600 51012 10 4000 13085 10 4000 13080
1697463318421439 4 0 0 4 4 4 0 0 0 0 0 0 22 39 39 0 100 78 39 0 0 0 101880 15817 0 2026 181405 19503 120348266 288958 17667 829308036 829308036 0 161538 0 1.000000 10 10 4000 13080 1 10 40 16000 52326 39 15600 51012 10 4000 13085 10 4000 13080
1697463319077978 4 0 0 4 4 4 0 0 0 0 0 0 21 39 39 0 100 79 40 0 0 0 102558 16254 0 2075 181607 19537 121003307 289067 17676 848989452 848989452 0 163609 0 1.000000 10 10 4000 13080 2 10 40 16000 52326 39 15600 51012 10 4000 13085 10 4000 13080
1697463320152850 7 0 1 6 7 7 0 0 0 0 0 0 0 59 59 0 100 100 41 0 0 0 115547 16695 0 2123 183137 19643 122062816 289273 17887 869364935 869364935 0 207100 0 1.000000 10 10 4000 13080 12457 1225 70 28000 91568 59 23600 77172 10 4000 13085 10 4000 13080
1697463320405590 7 0 1 6 7 7 0 0 0 0 0 0 0 58 58 0 100 100 42 0 0 0 115548 17103 0 2175 183295 19670 122314809 289373 17887 890434912 890434912 0 207100 0 1.000000 10 10 4000 13080 9657 2048 70 28000 91568 58 23200 75864 10 4000 13085 10 4000 13080
1697463320440543 7 0 1 6 7 7 0 0 0 0 0 0 0 57 57 0 100 100 43 0 0 0 115548 17472 0 2223 183440 19700 122349070 289484 17887 910797760 910797760 0 207100 0 1.000000 10 10 4000 13080 11804 3000 70 28000 91568 57 22800 74556 10 4000 13085 10 4000 13080
1697463320459607 7 0 1 6 7 7 0 0 0 0 0 0 0 56 56 0 100 100 44 0 0 0 115548 17928 0 2290 183528 19722 122367433 289575 17887 935283836 935283836 0 207100 0 1.000000 10 10 4000 13080 12807 3957 70 28000 91568 56 22400 73248 10 4000 13085 10 4000 13080
1697463320464003 7 0 1 6 7 7 0 0 0 0 0 0 0 55 55 0 100 100 45 0 0 0 115548 18328 0 2337 183571 19751 122371168 289728 17887 955549689 955549689 0 207100 0 1.000000 10 10 4000 13080 2 3573 70 28000 91568 55 22000 71940 10 4000 13085 10 4000 13080
1697463320707632 7 0 1 6 7 7 0 0 0 0 0 0 0 54 54 0 100 100 46 0 0 0 115550 18683 0 2387 183803 19783 122613948 289917 17887 976752407 976752407 0 207100 0 1.000000 10 10 4000 13080 13220 4515 70 28000 91568 54 21600 70632 10 4000 13085 10 4000 13080
1697463320776688 7 0 1 6 7 7 0 0 0 0 0 0 0 53 53 0 100 100 47 0 0 0 115551 19148 0 2437 183851 19853 122682301 289997 17887 998701832 998701832 0 207100 0 1.000000 10 10 4000 13080 13627 5404 70 28000 91568 53 21200 69324 10 4000 13085 10 4000 13080
1697463320793473 7 0 1 6 7 7 0 0 0 0 0 0 0 52 52 0 100 100 48 0 0 0 115551 19673 0 2489 183942 19884 122698314 290083 17887 1020227589 1020227589 0 207100 0 1.000000 10 10 4000 13080 13311 6176 70 28000 91568 52 20800 68016 10 4000 13085 10 4000 13080
1697463320831617 7 0 1 6 7 7 0 0 0 0 0 0 0 51 51 0 100 100 49 0 0 0 115552 20063 0 2537 184051 19908 122735721 290239 17887 1041941311 1041941311 0 207100 0 1.000000 10 10 4000 13080 12080 6753 70 28000 91568 51 20400 66708 10 4000 13085 10 4000 13080
1697463320853893 7 0 1 6 7 7 0 0 0 0 0 0 0 50 50 0 100 100 50 0 0 0 115554 20435 0 2589 184119 19931 122757364 290362 17887 1063744274 1063744274 0 207100 0 1.000000 10 10 4000 13080 12879 7351 70 28000 91568 50 20000 65400 10 4000 13085 10 4000 13080
1697463320959015 7 0 1 6 7 7 0 0 0 0 0 0 0 49 49 0 100 100 51 0 0 0 115554 20917 0 2654 184211 19978 122861726 290467 17887 1084279963 1084279963 0 207100 0 1.000000 10 10 4000 13080 13852 7986 70 28000 91568 49 19600 64092 10 4000 13085 10 4000 13080
1697463320965238 7 0 1 6 7 7 0 0 0 0 0 0 0 48 48 0 100 100 52 0 0 0 115555 21274 0 2703 184258 20042 122867346 290544 17887 1105858701 1105858701 0 207100 0 1.000000 10 10 4000 13080 12052 8384 70 28000 91568 48 19200 62784 10 4000 13085 10 4000 13080
1697463321074639 7 0 1 6 7 7 0 0 0 0 0 0 0 47 47 0 100 100 53 0 0 0 115556 21765 0 2753 184345 20064 122975852 290802 17887 1127108066 1127108066 0 207100 0 1.000000 10 10 4000 13080 14013 8934 70 28000 91568 47 18800 61476 10 4000 13085 10 4000 13080
1697463321084617 7 0 1 6 7 7 0 0 0 0 0 0 0 46 46 0 100 100 54 0 0 0 115558 22131 0 2814 184428 20089 122985185 290924 17887 1146575100 1146575100 0 207100 0 1.000000 10 10 4000 13080 12391 9272 70 28000 91568 46 18400 60168 10 4000 13085 10 4000 13080
1697463321357982 7 0 1 6 7 7 0 0 0 0 0 0 0 45 45 0 100 100 55 0 0 0 115558 22592 0 2860 184548 20123 123257808 291017 17887 1167765427 1167765427 0 207100 0 1.000000 10 10 4000 13080 11742 9514 70 28000 91568 45 18000 58860 10 4000 13085 10 4000 13080
1697463321659559 7 0 1 6 7 7 0 0 0 0 0 0 0 44 44 0 100 100 56 0 0 0 115559 23056 0 2918 184639 20158 123558562 291211 17887 1188468184 1188468184 0 207100 0 1.000000 10 10 4000 13080 10282 9590 70 28000 91568 44 17600 57552 10 4000 13085 10 4000 13080
1697463321727475 7 0 1 6 7 7 0 0 0 0 0 0 0 43 43 0 100 100 57 0 0 0 115560 23441 0 2971 184690 20181 123625902 291292 17887 1208632642 1208632642 0 207100 0 1.000000 10 10 4000 13080 12772 9902 70 28000 91568 43 17200 56244 10 4000 13085 10 4000 13080
1697463321742755 7 0 1 6 7 7 0 0 0 0 0 0 0 42 42 0 100 100 58 0 0 0 115560 23868 0 3023 184778 20218 123640482 291358 17887 1229717065 1229717065 0 207100 0 1.000000 10 10 4000 13080 12517 10158 70 28000 91568 42 16800 54936 10 4000 13085 10 4000 13080
1697463321968381 7 0 1 6 7 7 0 0 0 0 0 0 0 41 41 0 100 100 59 0 0 0 115560 24216 0 3072 184856 20243 123865510 291468 17887 1250951053 1250951053 0 207100 0 1.000000 10 10 4000 13080 12928 10429 70 28000 91568 41 16400 53628 10 4000 13085 10 4000 13080
1697463322014920 7 0 1 6 7 7 0 0 0 0 0 0 0 40 40 0 100 100 60 0 0 0 115560 24642 0 3133 184910 20269 123911428 291547 17887 1272834622 1272834622 0 207100 0 1.000000 10 10 4000 13080 12498 10632 70 28000 91568 40 16000 52320 10 4000 13085 10 4000 13080
1697463322074781 7 0 1 6 7 7 0 0 0 0 0 0 0 39 39 0 100 100 61 0 0 0 115560 25060 0 3185 184969 20307 123970654 291628 17887 1293122003 1293122003 0 207100 0 1.000000 10 10 4000 13080 13921 10954 70 28000 91568 39 15600 51012 10 4000 13085 10 4000 13080
1697463322098716 7 0 1 6 7 7 0 0 0 0 0 0 0 38 38 0 100 100 62 0 0 0 115561 25473 0 3245 185084 20345 123993916 291699 17887 1314619886 1314619886 0 207100 0 1.000000 10 10 4000 13080 12424 11098 70 28000 91568 38 15200 49704 10 4000 13085 10 4000 13080
1697463322272714 7 0 1 6 7 7 0 0 0 0 0 0 0 37 37 0 100 100 63 0 0 0 115561 25893 0 3298 185187 20385 124167208 291806 17887 1334655211 1334655211 0 207100 0 1.000000 10 10 4000 13080 12661 11252 70 28000 91568 37 14800 48396 10 4000 13085 10 4000 13080
1697463322442398 7 0 1 6 7 7 0 0 0 0 0 0 0 36 36 0 100 100 64 0 0 0 115561 26360 0 3350 185276 20412 124336106 291972 17887 1355501658 1355501658 0 207100 0 1.000000 10 10 4000 13080 12005 11326 70 28000 91568 36 14400 47088 10 4000 13085 10 4000 13080
1697463323098755 7 0 2 5 7 7 0 0 0 0 0 0 0 35 35 0 100 100 65 0 0 0 115561 26709 0 3402 185327 20441 124991894 292075 17887 1378104521 1378104521 0 207100 0 1.000000 10 10 4000 13080 12528 11445 70 28000 91568 35 14000 45780 10 4000 13085 10 4000 13080
1697463323101394 7 0 2 5 7 7 0 0 0 0 0 0 0 34 34 0 100 100 66 0 0 0 115561 27237 0 3495 185422 20474 124993699 292203 17887 1401681005 1401681005 0 207100 0 1.000000 10 10 4000 13080 14315 11726 70 28000 91568 34 13600 44472 10 4000 13085 10 4000 13080
1697463323174310 7 0 2 5 7 7 0 0 0 0 0 0 0 33 33 0 100 100 67 0 0 0 115561 27720 0 3544 185511 20497 125065916 292271 17887 1421858510 1421858510 0 207100 0 1.000000 10 10 4000 13080 13366 11886 70 28000 91568 33 13200 43164 10 4000 13085 10 4000 13080
1697463324767031 7 0 2 5 7 7 0 0 0 0 0 0 0 32 32 0 100 100 68 0 0 0 115569 28114 0 3591 185942 20568 126657606 292342 17887 1442738742 1442738742 0 207100 0 1.000000 10 10 4000 13080 9110 11617 70 28000 91568 32 12800 41856 10 4000 13085 10 4000 13080
1697463325675482 7 0 2 5 7 7 0 0 0 0 0 0 0 31 31 0 100 100 69 0 0 0 115571 28585 0 3640 186417 20612 127564879 292486 17887 1466211323 1466211323 0 207100 0 1.000000 10 10 4000 13080 12049 11660 70 28000 91568 31 12400 40548 10 4000 13085 10 4000 13080
1697463327334899 7 0 3 4 7 7 0 0 0 0 0 0 0 30 30 0 100 100 70 0 0 0 115572 29078 0 3692 186522 20641 129223559 292554 17887 1488210238 1488210238 0 207100 0 1.000000 10 10 4000 13080 10933 11590 70 28000 91568 30 12000 39240 10 4000 13085 10 4000 13080
1697463335235331 7 0 3 4 7 7 0 0 0 0 0 0 0 30 29 1 100 100 70 0 0 0 115575 29092 0 3692 186685 20663 137123188 292771 17887 1507322912 1488210238 0 207100 0 1.000000 10 10 4000 13080 12680 11645 70 28000 91568 30 12000 39240 10 4000 13085 10 4000 13080
1697463335235623 7 0 3 4 7 7 0 0 0 0 0 0 0 29 29 0 100 100 71 0 0 0 115575 29695 0 3765 186685 20687 137123188 292771 17887 1507322912 1507322912 0 207100 0 1.000000 10 10 4000 13080 12680 11747 70 28000 91568 29 11600 37932 10 4000 13085 10 4000 13080
1697463337223680 7 0 3 4 7 7 0 0 0 0 0 0 0 28 28 0 100 100 72 0 0 0 115576 30106 0 3818 391151 20723 138906118 292951 17887 1528595350 1528595350 0 207100 0 1.000000 10 10 4000 13080 7984 11381 70 28000 91568 28 11200 36624 10 4000 13085 10 4000 13080
1697463337634684 7 0 3 4 7 7 0 0 0 0 0 0 0 27 27 0 100 100 73 0 0 0 115577 30545 0 3880 391258 20759 139316405 293039 17887 1549796348 1549796348 0 207100 0 1.000000 10 10 4000 13080 104 10283 70 28000 91568 27 10800 35316 10 4000 13085 10 4000 13080
1697463337969345 7 0 3 4 7 7 0 0 0 0 0 0 0 26 26 0 100 100 74 0 0 0 115577 31015 0 3971 391310 20783 139650399 293112 17887 1571258950 1571258950 0 207100 0 1.000000 10 10 4000 13080 12341 10484 70 28000 91568 26 10400 34008 10 4000 13085 10 4000 13080
1697463338274863 7 0 3 4 7 7 0 0 0 0 0 0 0 25 25 0 100 100 75 0 0 0 115577 31541 0 4020 391421 20807 139955132 293200 17887 1592359167 1592359167 0 207100 0 1.000000 10 10 4000 13080 13373 10767 70 28000 91568 25 10000 32700 10 4000 13085 10 4000 13080
1697463339033735 7 0 3 4 7 7 0 0 0 0 0 0 0 24 24 0 100 100 76 0 0 0 115577 31887 0 4072 391467 20834 140713419 293316 17887 1613684681 1613684681 0 207100 0 1.000000 10 10 4000 13080 11537 10843 70 28000 91568 24 9600 31392 10 4000 13085 10 4000 13080
1697463339676555 7 0 3 4 7 7 0 0 0 0 0 0 0 23 23 0 100 100 77 0 0 0 115577 32349 0 4149 391517 20858 141355508 293475 17887 1637154276 1637154276 0 207100 0 1.000000 10 10 4000 13080 13164 11071 70 28000 91568 23 9200 30084 10 4000 13085 10 4000 13080
1697463339801495 7 0 3 4 7 7 0 0 0 0 0 0 0 22 22 0 100 100 78 0 0 0 115577 32742 0 4197 391564 20881 141479717 293697 17887 1660101113 1660101113 0 207100 0 1.000000 10 10 4000 13080 14687 11424 70 28000 91568 22 8800 28776 10 4000 13085 10 4000 13080
1697463340212730 7 0 4 3 7 7 0 0 0 0 0 0 0 21 21 0 100 100 79 0 0 0 115577 33194 0 4247 391668 20914 141890234 293785 17887 1681889865 1681889865 0 207100 0 1.000000 10 10 4000 13080 15443 11816 70 28000 91568 21 8400 27468 10 4000 13085 10 4000 13080
1697463341092809 7 0 5 2 7 7 0 0 0 0 0 0 0 20 20 0 100 100 80 0 0 0 115577 33625 0 4297 391770 20938 142769626 293879 17887 1703902624 1703902624 0 207100 0 1.000000 10 10 4000 13080 9802 11621 70 28000 91568 20 8000 26160 10 4000 13085 10 4000 13080
1697463345200227 7 0 5 2 7 7 0 0 0 0 0 0 0 19 19 0 100 100 81 0 0 0 115582 34046 0 4347 391880 20993 146876289 293970 17887 1723524670 1723524670 0 207100 0 1.000000 10 10 4000 13080 13301 11785 70 28000 91568 19 7600 24852 10 4000 13085 10 4000 13080
1697463345703341 7 0 5 2 7 7 0 0 0 0 0 0 0 18 18 0 100 100 82 0 0 0 115582 34482 0 4429 391960 21018 147378757 294036 17887 1743698826 1743698826 0 207100 0 1.000000 10 10 4000 13080 4 10637 70 28000 91568 18 7200 23544 10 4000 13085 10 4000 13080
1697463345862904 7 0 5 2 7 7 0 0 0 0 0 0 0 17 17 0 100 100 83 0 0 0 115582 34835 0 4479 392007 21042 147537753 294146 17887 1764031032 1764031032 0 207100 0 1.000000 10 10 4000 13080 4 9601 70 28000 91568 17 6800 22236 10 4000 13085 10 4000 13080
1697463346123611 7 0 5 2 7 7 0 0 0 0 0 0 0 16 16 0 100 100 84 0 0 0 115582 35364 0 4535 392097 21067 147797730 294198 17887 1784627086 1784627086 0 207100 0 1.000000 10 10 4000 13080 4 8667 70 28000 91568 16 6400 20928 10 4000 13085 10 4000 13080
1697463346153906 7 0 5 2 7 7 0 0 0 0 0 0 0 15 15 0 100 100 85 0 0 0 115582 35817 0 4587 392185 21091 147827332 294291 17887 1805194700 1805194700 0 207100 0 1.000000 10 10 4000 13080 4 7823 70 28000 91568 15 6000 19620 10 4000 13085 10 4000 13080
1697463346166569 7 0 5 2 7 7 0 0 0 0 0 0 0 14 14 0 100 100 86 0 0 0 115582 36271 0 4653 392282 21115 147839278 294384 17887 1825829629 1825829629 0 207100 0 1.000000 10 10 4000 13080 4 7062 70 28000 91568 14 5600 18312 10 4000 13085 10 4000 13080
1697463346370817 7 0 5 2 7 7 0 0 0 0 0 0 0 13 13 0 100 100 87 0 0 0 115582 36668 0 4704 392331 21144 148042959 294438 17887 1846616243 1846616243 0 207100 0 1.000000 11 11 4400 14388 4 6375 70 28000 91568 13 5200 17004 10 4000 13085 10 4000 13080
1697463346405991 7 0 5 2 7 7 0 0 0 0 0 0 0 12 12 0 100 100 88 0 0 0 115582 37095 0 4759 392378 21186 148077360 294647 17887 1867440886 1867440886 0 207100 0 1.000000 13 13 5200 17004 4 5755 70 28000 91568 12 4800 15696 10 4000 13085 10 4000 13080
1697463346494585 7 0 5 2 7 7 0 0 0 0 0 0 0 11 11 0 100 100 89 0 0 0 115583 37554 0 4821 392424 21225 148165226 294775 17887 1888356024 1888356024 0 207100 0 1.000000 16 16 6400 20928 4 5195 70 28000 91568 11 4400 14388 10 4000 13085 10 4000 13080
1697463346623061 7 0 5 2 7 7 0 0 0 0 0 0 0 10 10 0 100 100 90 0 0 0 115583 38006 0 4873 392516 21286 148292978 294854 17887 1909400550 1909400550 0 207100 0 1.000000 15 15 6000 19620 4 4690 70 28000 91568 10 4000 13080 10 4000 13085 10 4000 13080
1697463346747222 7 0 5 2 7 7 0 0 0 0 0 0 0 9 9 0 100 100 91 0 0 0 115583 38381 0 4923 392564 21332 148416553 294930 17887 1930562618 1930562618 0 207100 0 1.000000 14 14 5600 18312 4 4234 70 28000 91568 9 3600 11772 10 4000 13085 10 4000 13080
1697463346836499 7 0 5 2 7 7 0 0 0 0 0 0 0 8 8 0 100 100 92 0 0 0 115583 38867 0 4977 392652 21372 148505054 295049 17887 1951870698 1951870698 0 207100 0 1.000000 13 13 5200 17004 4 3823 70 28000 91568 8 3200 10464 10 4000 13085 10 4000 13080
1697463347407644 7 0 5 2 7 7 0 0 0 0 0 0 0 7 7 0 100 100 93 0 0 0 115583 39247 0 5032 392732 21395 149075572 295157 17887 1973745991 1973745991 0 207100 0 1.000000 12 12 4800 15696 4 3452 70 28000 91568 7 2800 9156 10 4000 13085 10 4000 13080
1697463347438286 7 0 5 2 7 7 0 0 0 0 0 0 0 6 6 0 100 100 94 0 0 0 115585 39804 0 5095 392821 21418 149105355 295295 17887 1995600795 1995600795 0 207100 0 1.000000 14 14 5600 18312 4 3117 70 28000 91568 6 2400 7848 10 4000 13085 10 4000 13080
1697463347567033 7 0 5 2 7 7 0 0 0 0 0 0 0 5 5 0 100 100 95 0 0 0 115585 40194 0 5147 392867 21453 149233520 295371 17887 2017637929 2017637929 0 207100 0 1.000000 13 13 5200 17004 4 2815 70 28000 91568 5 2000 6540 10 4000 13085 10 4000 13080
1697463347606019 7 0 5 2 7 7 0 0 0 0 0 0 0 4 4 0 100 100 96 0 0 0 115585 40751 0 5210 392957 21478 149271722 295447 17887 2039663461 2039663461 0 207100 0 1.000000 13 13 5200 17004 4 2542 70 28000 91568 4 1600 5232 10 4000 13085 10 4000 13080
1697463347662108 7 0 5 2 7 7 0 0 0 0 0 0 0 3 3 0 100 100 97 0 0 0 115586 41235 0 5271 393070 21503 149327070 295532 17887 2061799700 2061799700 0 207100 0 1.000000 12 12 4800 15696 4 2296 70 28000 91568 3 1200 3924 10 4000 13085 10 4000 13080
1697463348651065 7 0 5 2 7 7 0 0 0 0 0 0 0 2 2 0 100 100 98 0 0 0 115588 41726 0 5336 393159 21525 150315280 295640 17887 2084925684 2084925684 0 207100 0 1.000000 11 11 4400 14388 4 2074 70 28000 91568 2 800 2616 10 4000 13085 10 4000 13080
1697463348807271 7 0 6 1 7 7 0 0 0 0 0 0 0 1 1 0 100 100 99 0 0 0 115588 42256 0 5384 393245 21554 150470651 295795 17887 2108150559 2108150559 0 207100 0 1.000000 11 11 4400 14388 5 1873 70 28000 91568 1 400 1308 10 4000 13085 10 4000 13080
1697463350244247 7 0 7 0 7 7 0 0 0 0 0 0 0 0 0 0 100 100 100 0 0 0 115592 42724 0 5437 393338 21616 151906866 295892 17887 2132867691 2132867691 0 207100 0 1.000000 10 10 4000 13080 5 1692 70 28000 91568 0 0 0 10 4000 13085 10 4000 13080
1697463350249663 0 0 0 0 0 7 7 7 0 0 0 0 0 0 0 0 100 100 100 0 0 0 115592 42724 0 5437 393338 21616 151906866 295892 17887 2132867691 2132867691 0 207100 0 1.000000 10 10 4000 13080 5 1608 0 0 0 0 0 0 0 0 0 0 0 0
