# timestamp workers_connected workers_init workers_idle workers_busy workers_able workers_joined workers_removed workers_released workers_idled_out workers_blocked workers_slow workers_lost tasks_waiting tasks_on_workers tasks_running tasks_with_results tasks_submitted tasks_dispatched tasks_done tasks_failed tasks_cancelled tasks_exhausted_attempts time_send time_receive time_send_good time_receive_good time_status_msgs time_internal time_polling time_application time_scheduling time_execute time_execute_good time_execute_exhaustion bytes_sent bytes_received bandwidth capacity_tasks capacity_cores capacity_memory capacity_disk capacity_instantaneous capacity_weighted total_cores total_memory total_disk committed_cores committed_memory committed_disk max_cores max_memory max_disk min_cores min_memory min_disk
1697131312843711 0 0 0 0 0 0 0 0 0 0 0 0 0 0 0 0 0 0 0 0 0 0 0 0 0 0 0 0 0 0 0 0 0 0 0 0 1.000000 0 0 0 0 0 0 0 0 0 0 0 0 0 0 0 0 0 0
1697131312844750 0 0 0 0 0 0 0 0 0 0 0 0 0 0 0 0 0 0 0 0 0 0 0 0 0 0 0 0 0 0 0 0 0 0 0 0 1.000000 10 10 5120 10240 10 10 0 0 0 0 0 0 0 0 0 0 0 0
1697131408635863 2 0 1 1 1 2 0 0 0 0 0 0 9 1 1 0 10 0 0 0 0 0 1659 344 0 0 919 11570 95483938 291346 20 0 0 0 2071 0 1.000000 10 10 5120 10240 10 10 1 512 13081 0 0 0 1 512 13081 1 512 13081
1697131413062504 10 0 6 4 10 10 0 0 0 0 0 0 6 4 4 0 10 4 0 0 0 0 21276 455 0 0 6237 11835 99886181 291346 11238 0 0 0 8284 0 1.000000 10 10 5120 10240 10 10 10 6656 92467 4 3584 40546 1 2048 13085 1 512 1308
1697131418013721 10 0 0 10 10 10 0 0 0 0 0 0 0 10 10 0 10 10 0 0 0 0 26695 493 0 0 8350 11918 104829641 291373 11471 0 0 0 20710 0 1.000000 10 10 5120 10240 10 10 10 6656 92467 10 6656 92467 1 2048 13085 1 512 1308
1697131423205031 10 0 1 9 10 10 1 0 0 0 0 1 1 9 9 0 10 10 0 0 0 0 26745 548 0 0 10948 12007 110017890 291399 11471 0 0 0 20710 0 1.000000 10 10 5120 10240 10 10 10 6656 92467 10 6656 92467 1 2048 13085 1 512 1308
1697131423205247 9 0 0 9 9 10 1 0 0 0 0 1 1 9 9 0 10 10 0 0 0 0 26774 550 0 0 11277 12009 110017890 291399 11471 0 0 0 20710 0 1.000000 10 10 5120 10240 10 10 9 4608 91159 9 4608 91159 1 512 13085 1 512 4220
1697131428221977 10 0 0 10 10 11 1 0 0 0 0 1 0 10 10 0 10 11 0 0 0 0 28225 596 0 0 12685 12072 115031567 291424 11485 0 0 0 22781 0 1.000000 10 10 5120 10240 10 10 10 6656 92467 10 6656 92467 1 2048 13085 1 512 1308
1697131437624757 10 0 0 10 10 11 1 0 0 0 0 1 0 10 9 1 10 11 0 0 0 0 28245 632 0 0 13018 46138 124399544 291478 11485 19609844 0 0 22781 0 1.000000 10 10 5120 10240 10 10 10 6656 92467 10 6656 92467 1 2048 13085 1 512 1308
1697131437625049 10 0 1 9 10 11 1 0 0 0 0 1 0 9 9 0 10 11 1 0 0 0 28245 1111 0 72 13018 46168 124399544 291478 11485 19609844 19609844 0 22781 0 1.000000 10 10 5120 10240 10 10 10 6656 92467 9 6144 79386 1 2048 13085 1 512 1308
1697131437831060 10 0 2 8 10 11 1 0 0 0 0 1 0 8 8 0 10 11 2 0 0 0 28246 1544 0 157 13121 46198 124604672 291761 11485 38252709 38252709 0 22781 0 1.000000 10 10 5120 130810 3 10 10 6656 92467 8 5632 66306 1 2048 13085 1 512 1308
1697131437872851 10 0 3 7 10 11 1 0 0 0 0 1 0 7 7 0 10 11 3 0 0 0 28248 1957 0 226 13222 46227 124645751 291889 11485 57338485 57338485 0 22781 0 1.000000 10 10 5120 130805 4 10 10 6656 92467 7 5120 53221 1 2048 13085 1 512 1308
1697131438052115 10 0 4 6 10 11 1 0 0 0 0 1 0 6 6 0 10 11 4 0 0 0 28249 2389 0 299 13328 46269 124824265 292020 11485 76248812 76248812 0 22781 0 1.000000 10 10 5120 130820 4 10 10 6656 92467 6 4608 40141 1 2048 13085 1 512 1308
1697131439367484 9 0 4 5 9 11 2 0 0 0 0 2 0 5 5 0 10 12 5 0 0 0 29141 3799 0 423 637376 46375 125512994 292145 11505 96707553 96707553 0 24852 0 1.000000 10 10 5120 130815 4 10 9 4608 91159 5 2560 38842 1 512 13085 1 512 4220
1697131442409224 10 0 6 4 10 12 2 0 0 0 0 2 0 4 4 0 10 12 6 0 0 0 29150 4213 0 487 638275 46428 128553078 292335 11505 115359537 115359537 0 24852 0 1.000000 10 10 5120 130804 4 10 10 6656 92467 4 2048 25761 1 2048 13085 1 512 1308
1697131442425399 10 0 7 3 10 12 2 0 0 0 0 2 0 3 3 0 10 12 7 0 0 0 29150 4637 0 587 638320 46455 128568599 292451 11505 135909405 135909405 0 24852 0 1.000000 10 10 5120 130805 2 10 10 6656 92467 3 1536 21541 1 2048 13085 1 512 1308
1697131443321460 10 0 8 2 10 12 2 0 0 0 0 2 0 2 2 0 10 12 8 0 0 0 29150 5057 0 657 638417 46480 129464011 292513 11505 157261489 157261489 0 24852 0 1.000000 10 10 5120 118148 3 10 10 6656 92467 2 1024 17313 1 2048 13085 1 512 1308
1697131446152889 10 0 9 1 10 12 2 0 0 0 0 2 0 1 1 0 10 12 9 0 0 0 29155 5880 0 734 638537 46523 132294230 292689 11505 179262595 179262595 0 24852 0 1.000000 10 10 5120 108664 3 10 10 6656 92467 1 512 13085 1 2048 13085 1 512 1308
1697131461232259 10 0 9 1 10 12 2 0 0 0 0 2 0 1 0 1 10 12 9 0 0 0 29183 5927 0 734 638719 46586 147372775 292916 11505 198199432 179262595 0 24852 0 1.000000 10 10 5120 101288 2 10 10 6656 92467 1 512 13085 1 2048 13085 1 512 1308
1697131461232525 10 0 10 0 10 12 2 0 0 0 0 2 0 0 0 0 10 12 10 0 0 0 29183 6379 0 801 638719 46613 147372775 292916 11505 198199432 198199432 0 24852 0 1.000000 10 10 5120 101288 2 10 10 6656 92467 0 0 0 1 2048 13085 1 512 1308
1697131461237142 0 0 0 0 0 12 12 10 0 0 0 2 0 0 0 0 10 12 10 0 0 0 29183 6379 0 801 638719 46613 147372775 292916 11505 198199432 198199432 0 24852 0 1.000000 10 10 5120 104244 6 10 0 0 0 0 0 0 0 0 0 0 0 0
