# timestamp workers_connected workers_init workers_idle workers_busy workers_able workers_joined workers_removed workers_released workers_idled_out workers_blocked workers_slow workers_lost tasks_waiting tasks_on_workers tasks_running tasks_with_results tasks_submitted tasks_dispatched tasks_done tasks_failed tasks_cancelled tasks_exhausted_attempts time_send time_receive time_send_good time_receive_good time_status_msgs time_internal time_polling time_application time_scheduling time_execute time_execute_good time_execute_exhaustion bytes_sent bytes_received bandwidth capacity_tasks capacity_cores capacity_memory capacity_disk capacity_instantaneous capacity_weighted total_cores total_memory total_disk committed_cores committed_memory committed_disk max_cores max_memory max_disk min_cores min_memory min_disk
1697133478746839 0 0 0 0 0 0 0 0 0 0 0 0 0 0 0 0 0 0 0 0 0 0 0 0 0 0 0 0 0 0 0 0 0 0 0 0 1.000000 0 0 0 0 0 0 0 0 0 0 0 0 0 0 0 0 0 0
1697133478748050 0 0 0 0 0 0 0 0 0 0 0 0 0 0 0 0 0 0 0 0 0 0 0 0 0 0 0 0 0 0 0 0 0 0 0 0 1.000000 10 10 5120 10240 10 10 0 0 0 0 0 0 0 0 0 0 0 0
1697133483124094 1 0 0 1 1 1 0 0 0 0 0 0 4 1 1 0 5 1 0 0 0 0 927 31 0 0 133862 5615 3983699 251681 16 0 0 0 2071 0 1.000000 10 10 5120 10240 10 10 1 512 13081 1 512 13081 1 512 13081 1 512 13081
1697133502451679 1 0 0 1 1 1 0 0 0 0 0 0 4 1 0 1 5 1 0 0 0 0 1486 88 0 0 134179 5718 23309702 251854 16 18446471 0 0 2071 0 1.000000 10 10 5120 10240 10 10 1 512 13081 1 512 13081 1 512 13081 1 512 13081
1697133502452026 1 0 1 0 1 1 0 0 0 0 0 0 4 0 0 0 5 1 1 0 0 0 1486 701 0 127 134179 5747 23309702 251854 16 18446471 18446471 0 2071 0 1.000000 10 10 5120 10240 10 10 1 512 13081 0 0 0 1 512 13081 1 512 13081
1697133507378612 1 0 0 1 1 1 0 0 0 0 0 0 3 1 1 0 5 2 1 0 0 0 2257 715 0 127 134421 5780 28234907 252070 24 18446471 18446471 0 4142 0 1.000000 10 10 5120 130810 5 10 1 512 13081 1 512 13081 1 512 13081 1 512 13081
1697133525399103 1 0 0 1 1 1 0 0 0 0 0 0 3 1 0 1 5 2 1 0 0 0 2710 769 0 127 134510 5865 46254265 252215 24 37468027 18446471 0 4142 0 1.000000 10 10 5120 130810 5 10 1 512 13081 1 512 13081 1 512 13081 1 512 13081
1697133525399362 1 0 1 0 1 1 0 0 0 0 0 0 3 0 0 0 5 2 2 0 0 0 2710 1220 0 202 134510 5896 46254265 252215 24 37468027 37468027 0 4142 0 1.000000 10 10 5120 130810 5 10 1 512 13081 0 0 0 1 512 13081 1 512 13081
1697133530318905 1 0 0 1 1 1 0 0 0 0 0 0 2 1 1 0 5 3 2 0 0 0 3407 1237 0 202 134707 5933 51172593 252351 28 37468027 37468027 0 6213 0 1.000000 10 10 5120 130810 5 10 1 512 13081 1 512 13081 1 512 13081 1 512 13081
1697133547235103 1 0 0 1 1 1 0 0 0 0 0 0 2 1 0 1 5 3 2 0 0 0 3786 1302 0 202 134829 10348 68083267 252505 28 55384733 37468027 0 6213 0 1.000000 10 10 5120 130810 5 10 1 512 13081 1 512 13081 1 512 13081 1 512 13081
1697133547235388 1 0 1 0 1 1 0 0 0 0 0 0 2 0 0 0 5 3 3 0 0 0 3786 1859 0 271 134829 10376 68083267 252505 28 55384733 55384733 0 6213 0 1.000000 10 10 5120 130810 5 10 1 512 13081 0 0 0 1 512 13081 1 512 13081
1697133552221490 1 0 0 1 1 1 0 0 0 0 0 0 1 1 1 0 5 4 3 0 0 0 4622 1880 0 271 135079 10405 73003296 252791 37 55384733 55384733 0 8284 0 1.000000 10 10 5120 130810 5 10 1 512 13081 1 512 13081 1 512 13081 1 512 13081
1697133568947173 1 0 0 1 1 1 0 0 0 0 0 0 1 1 0 1 5 4 3 0 0 0 4924 1933 0 271 135238 10482 89727747 252916 37 73175740 55384733 0 8284 0 1.000000 10 10 5120 130810 5 10 1 512 13081 1 512 13081 1 512 13081 1 512 13081
1697133568947846 1 0 1 0 1 1 0 0 0 0 0 0 1 0 0 0 5 4 4 0 0 0 4924 2844 0 444 135238 10580 89727747 252916 37 73175740 73175740 0 8284 0 1.000000 10 10 5120 130810 5 10 1 512 13081 0 0 0 1 512 13081 1 512 13081
1697133573882482 1 0 0 1 1 1 0 0 0 0 0 0 0 1 1 0 5 5 4 0 0 0 6280 2862 0 444 135458 10609 94650766 253116 46 73175740 73175740 0 10355 0 1.000000 10 10 5120 130810 5 10 1 512 13081 1 512 13081 1 512 13081 1 512 13081
1697133592702613 1 0 0 1 1 1 0 0 0 0 0 0 0 1 0 1 5 5 4 0 0 0 6303 2919 0 444 135598 10689 113469945 253240 46 93005298 73175740 0 10355 0 1.000000 10 10 5120 130810 5 10 1 512 13081 1 512 13081 1 512 13081 1 512 13081
1697133592702919 1 0 1 0 1 1 0 0 0 0 0 0 0 0 0 0 5 5 5 0 0 0 6303 3468 0 538 135598 10716 113469945 253240 46 93005298 93005298 0 10355 0 1.000000 10 10 5120 130810 5 10 1 512 13081 0 0 0 1 512 13081 1 512 13081
1697133592706350 0 0 0 0 0 1 1 1 0 0 0 0 0 0 0 0 5 5 5 0 0 0 6303 3468 0 538 135598 10716 113469945 253240 46 93005298 93005298 0 10355 0 1.000000 10 10 5120 130810 6 10 0 0 0 0 0 0 0 0 0 0 0 0
