# timestamp workers_connected workers_init workers_idle workers_busy workers_able workers_joined workers_removed workers_released workers_idled_out workers_blocked workers_slow workers_lost tasks_waiting tasks_on_workers tasks_running tasks_with_results tasks_submitted tasks_dispatched tasks_done tasks_failed tasks_cancelled tasks_exhausted_attempts time_send time_receive time_send_good time_receive_good time_status_msgs time_internal time_polling time_application time_scheduling time_execute time_execute_good time_execute_exhaustion bytes_sent bytes_received bandwidth capacity_tasks capacity_cores capacity_memory capacity_disk capacity_instantaneous capacity_weighted total_cores total_memory total_disk committed_cores committed_memory committed_disk max_cores max_memory max_disk min_cores min_memory min_disk
1697219628063893 0 0 0 0 0 0 0 0 0 0 0 0 0 0 0 0 0 0 0 0 0 0 0 0 0 0 0 0 0 0 0 0 0 0 0 0 1.000000 0 0 0 0 0 0 0 0 0 0 0 0 0 0 0 0 0 0
1697219628065052 0 0 0 0 0 0 0 0 0 0 0 0 0 0 0 0 0 0 0 0 0 0 0 0 0 0 0 0 0 0 0 0 0 0 0 0 1.000000 10 10 5120 10240 10 10 0 0 0 0 0 0 0 0 0 0 0 0
1697219642218715 1 0 0 1 1 1 0 0 0 0 0 0 99 1 1 0 100 0 0 0 0 0 1426 56 0 0 476 5450 13781920 363386 14 0 0 0 2071 0 1.000000 10 10 5120 10240 10 10 36 4096 8565 0 0 0 36 4096 8565 36 4096 8565
1697219643236280 2 0 1 1 2 2 0 0 0 0 0 0 64 36 36 0 100 36 0 0 0 0 18028 76 0 0 871 5586 14783056 363386 726 0 0 0 74556 0 1.000000 10 10 5120 10240 10 10 72 8192 17218 36 4068 8532 36 4096 8653 36 4096 8565
1697219658540656 2 0 0 2 2 2 0 0 0 0 0 0 63 37 37 0 100 36 0 0 0 0 24025 117 0 0 1321 5800 30079446 363486 4600 0 0 0 76627 0 1.000000 10 10 5120 10240 10 10 72 8192 17218 36 4068 8532 36 4096 8653 36 4096 8565
1697219658540758 2 0 0 2 2 2 0 0 0 0 0 0 63 37 37 0 100 37 0 0 0 0 25212 117 0 0 1321 5800 30079446 363486 4600 0 0 0 76627 0 1.000000 10 10 5120 10240 10 10 72 8192 17218 37 4181 8772 36 4096 8653 36 4096 8565
1697219663437981 2 0 0 2 2 2 0 0 0 0 0 0 28 72 72 0 100 72 0 0 0 0 45341 153 0 0 2119 5931 34955417 363518 4811 0 0 0 149112 0 1.000000 10 10 5120 10240 10 10 72 8192 17218 72 8136 17172 36 4096 8653 36 4096 8565
1697219673676905 2 0 0 2 2 2 0 0 0 0 0 0 28 72 71 1 100 72 0 0 0 0 46773 176 0 0 2199 6007 45192394 363601 4811 11616301 0 0 149112 0 1.000000 10 10 5120 10240 10 10 72 8192 17218 72 8136 17172 36 4096 8653 36 4096 8565
1697219673677151 2 0 0 2 2 2 0 0 0 0 0 0 28 71 71 0 100 72 1 0 0 0 46773 579 0 45 2199 6039 45192394 363601 4811 11616301 11616301 0 149112 0 1.000000 10 10 5120 10240 10 10 72 8192 17218 71 8023 16935 36 4096 8653 36 4096 8565
1697219673718119 2 0 0 2 2 2 0 0 0 0 0 0 27 71 71 0 100 73 2 0 0 0 47380 910 0 86 2286 6070 45232080 363797 4820 22911073 22911073 0 151183 0 1.000000 10 10 1130 2370 1 10 72 8192 17218 71 8023 16932 36 4096 8653 36 4096 8565
1697219673775188 2 0 0 2 2 2 0 0 0 0 0 0 26 71 71 0 100 74 3 0 0 0 47883 1289 0 126 2377 6101 45288042 363858 4826 34608005 34608005 0 153254 0 1.000000 10 10 1130 2385 3 10 72 8192 17218 71 8023 16935 36 4096 8653 36 4096 8565
1697219673779750 2 0 0 2 2 2 0 0 0 0 0 0 25 71 71 0 100 75 4 0 0 0 48374 1564 0 167 2463 6171 45291531 363962 4832 46307043 46307043 0 155325 0 1.000000 10 10 1130 2380 1 10 72 8192 17218 71 8023 16935 36 4096 8653 36 4096 8565
1697219673853123 2 0 0 2 2 2 0 0 0 0 0 0 24 71 71 0 100 76 5 0 0 0 48884 1871 0 208 2558 6200 45363850 364042 4837 58087268 58087268 0 157396 0 1.000000 10 10 1130 2378 1 10 72 8192 17218 71 8023 16935 36 4096 8653 36 4096 8565
1697219673902333 2 0 0 2 2 2 0 0 0 0 0 0 23 71 71 0 100 77 6 0 0 0 49388 2214 0 251 2673 6232 45411941 364129 4844 69917722 69917722 0 159467 0 1.000000 10 10 1130 2376 1 10 72 8192 17218 71 8023 16935 36 4096 8653 36 4096 8565
1697219673985577 2 0 0 2 2 2 0 0 0 0 0 0 22 71 71 0 100 78 7 0 0 0 50054 2545 0 294 2783 6264 45493918 364219 4852 81473179 81473179 0 161538 0 1.000000 10 10 1130 2375 1 10 72 8192 17218 71 8023 16932 36 4096 8653 36 4096 8565
1697219674022768 2 0 0 2 2 2 0 0 0 0 0 0 21 71 71 0 100 79 8 0 0 0 50608 2856 0 345 2862 6308 45529981 364322 4861 93436710 93436710 0 163609 0 1.000000 10 10 1130 2379 3 10 72 8192 17218 71 8023 16935 36 4096 8653 36 4096 8565
1697219674063498 2 0 0 2 2 2 0 0 0 0 0 0 20 71 71 0 100 80 9 0 0 0 51103 3162 0 396 2935 6337 45569616 364466 4868 105435204 105435204 0 165680 0 1.000000 10 10 1130 2378 1 10 72 8192 17218 71 8023 16935 36 4096 8653 36 4096 8565
1697219674068449 2 0 0 2 2 2 0 0 0 0 0 0 19 71 71 0 100 81 10 0 0 0 51623 3450 0 438 3012 6367 45573560 364522 4874 117424134 117424134 0 167751 0 1.000000 10 10 1130 2377 1 10 72 8192 17218 71 8023 16935 36 4096 8653 36 4096 8565
1697219674109427 2 0 0 2 2 2 0 0 0 0 0 0 18 71 71 0 100 82 11 0 0 0 52120 3937 0 488 3165 6397 45613266 364593 4880 129458236 129458236 0 169822 0 1.000000 10 10 1130 2376 1 10 72 8192 17218 71 8023 16935 36 4096 8653 36 4096 8565
1697219674111631 2 0 0 2 2 2 0 0 0 0 0 0 18 70 70 0 100 82 12 0 0 0 52120 4281 0 531 3253 6424 45613272 366293 4880 141142986 141142986 0 169822 0 1.000000 10 10 1130 2376 1 10 72 8192 17218 70 7910 16695 36 4096 8653 36 4096 8565
1697219674132765 2 0 0 2 2 2 0 0 0 0 0 0 16 71 70 1 100 84 13 0 0 0 53083 4744 0 576 3407 6474 45632652 366372 4897 165246727 153194303 0 173964 0 1.000000 10 10 1130 2378 4 10 72 8192 17218 71 8023 16935 36 4096 8653 36 4096 8565
1697219674133148 2 0 0 2 2 2 0 0 0 0 0 0 16 70 70 0 100 84 14 0 0 0 53083 4875 0 632 3407 6522 45632655 366535 4897 165246727 165246727 0 173964 0 1.000000 10 10 1130 2377 1 10 72 8192 17218 70 7910 16698 36 4096 8653 36 4096 8565
1697219674150177 2 0 0 2 2 2 0 0 0 0 0 0 14 71 71 0 100 86 15 0 0 0 54123 5206 0 675 3515 6556 45648065 366609 4934 177321074 177321074 0 178106 0 1.000000 10 10 1130 2377 1 10 72 8192 17218 71 8023 16935 36 4096 8653 36 4096 8565
1697219674161679 2 0 0 2 2 2 0 0 0 0 0 0 13 71 71 0 100 87 16 0 0 0 54674 5519 0 717 3612 6584 45658471 366681 4940 189407487 189407487 0 180177 0 1.000000 10 10 1130 2376 1 10 72 8192 17218 71 8023 16935 36 4096 8653 36 4096 8565
1697219674191835 2 0 0 2 2 2 0 0 0 0 0 0 12 71 71 0 100 88 17 0 0 0 55160 5856 0 765 3692 6616 45687579 366759 4946 201522876 201522876 0 182248 0 1.000000 10 10 1130 2376 1 10 72 8192 17218 71 8023 16935 36 4096 8653 36 4096 8565
1697219674208171 2 0 0 2 2 2 0 0 0 0 0 0 11 71 71 0 100 89 18 0 0 0 55642 6198 0 821 3774 6641 45702856 366853 4952 213308483 213308483 0 184319 0 1.000000 10 10 1130 2376 1 10 72 8192 17218 71 8023 16932 36 4096 8653 36 4096 8565
1697219674235612 2 0 0 2 2 2 0 0 0 0 0 0 10 71 71 0 100 90 19 0 0 0 56214 6490 0 863 3856 6670 45729201 366939 4959 225481082 225481082 0 186390 0 1.000000 10 10 1130 2377 4 10 72 8192 17218 71 8023 16935 36 4096 8653 36 4096 8565
1697219674280607 2 0 0 2 2 2 0 0 0 0 0 0 9 71 71 0 100 91 20 0 0 0 56648 6818 0 904 3941 6697 45773232 366994 4965 237682696 237682696 0 188461 0 1.000000 10 10 1130 2377 1 10 72 8192 17218 71 8023 16935 36 4096 8653 36 4096 8565
1697219674282613 2 0 0 2 2 2 0 0 0 0 0 0 8 71 71 0 100 92 21 0 0 0 57163 7149 0 947 4008 6730 45774168 367080 4973 249893021 249893021 0 190532 0 1.000000 10 10 1130 2376 1 10 72 8192 17218 71 8023 16935 36 4096 8653 36 4096 8565
1697219674309143 2 0 0 2 2 2 0 0 0 0 0 0 7 71 71 0 100 93 22 0 0 0 57720 7476 0 990 4096 6761 45799602 367132 4978 262136443 262136443 0 192603 0 1.000000 10 10 1130 2376 1 10 72 8192 17218 71 8023 16935 36 4096 8653 36 4096 8565
1697219674349301 2 0 0 2 2 2 0 0 0 0 0 0 6 71 71 0 100 94 23 0 0 0 58269 7798 0 1032 4182 6787 45838696 367179 4984 274418453 274418453 0 194674 0 1.000000 10 10 1130 2376 1 10 72 8192 17218 71 8023 16935 36 4096 8653 36 4096 8565
1697219674362354 2 0 0 2 2 2 0 0 0 0 0 0 5 71 71 0 100 95 24 0 0 0 58705 8128 0 1073 4266 6813 45850768 367252 4990 286353393 286353393 0 196745 0 1.000000 10 10 1130 2376 1 10 72 8192 17218 71 8023 16932 36 4096 8653 36 4096 8565
1697219674372184 2 0 0 2 2 2 0 0 0 0 0 0 4 71 71 0 100 96 25 0 0 0 59136 8414 0 1115 4356 6861 45859558 367402 4996 298651400 298651400 0 198816 0 1.000000 10 10 1130 2377 4 10 72 8192 17218 71 8023 16935 36 4096 8653 36 4096 8565
1697219674390928 2 0 0 2 2 2 0 0 0 0 0 0 3 71 71 0 100 97 26 0 0 0 59543 8785 0 1164 4455 6885 45877306 367460 5002 310612739 310612739 0 200887 0 1.000000 10 10 1130 2376 1 10 72 8192 17218 71 8023 16932 36 4096 8653 36 4096 8565
1697219674409319 2 0 0 2 2 2 0 0 0 0 0 0 2 71 71 0 100 98 27 0 0 0 59967 9072 0 1204 4533 6911 45894713 367582 5008 322602425 322602425 0 202958 0 1.000000 10 10 1130 2377 4 10 72 8192 17218 71 8023 16932 36 4096 8653 36 4096 8565
1697219674436823 2 0 0 2 2 2 0 0 0 0 0 0 1 71 71 0 100 99 28 0 0 0 60398 9376 0 1245 4616 6939 45921280 367639 5014 334606297 334606297 0 205029 0 1.000000 10 10 1130 2378 4 10 72 8192 17218 71 8023 16932 36 4096 8653 36 4096 8565
1697219674442020 2 0 0 2 2 2 0 0 0 0 0 0 0 71 71 0 100 100 29 0 0 0 60785 9677 0 1286 4694 6962 45925595 367701 5019 346622301 346622301 0 207100 0 1.000000 10 10 1130 2379 4 10 72 8192 17218 71 8023 16932 36 4096 8653 36 4096 8565
1697219674447920 2 0 0 2 2 2 0 0 0 0 0 0 0 70 70 0 100 100 30 0 0 0 60785 10007 0 1345 4733 6986 45931022 367748 5019 358641267 358641267 0 207100 0 1.000000 10 10 1130 2380 4 10 72 8192 17218 70 7910 16692 36 4096 8653 36 4096 8565
1697219674459579 2 0 0 2 2 2 0 0 0 0 0 0 0 69 69 0 100 100 31 0 0 0 60786 10302 0 1385 4772 7009 45942209 367829 5019 370679042 370679042 0 207100 0 1.000000 10 10 1130 2380 4 10 72 8192 17218 69 7797 16452 36 4096 8653 36 4096 8565
1697219674511747 2 0 0 2 2 2 0 0 0 0 0 0 0 68 68 0 100 100 32 0 0 0 60787 10594 0 1425 4814 7032 45993907 367898 5019 382755188 382755188 0 207100 0 1.000000 10 10 1130 2381 4 10 72 8192 17218 68 7684 16212 36 4096 8653 36 4096 8565
1697219674569942 2 0 0 2 2 2 0 0 0 0 0 0 0 67 67 0 100 100 33 0 0 0 60787 10904 0 1467 4866 7056 46051630 367953 5019 395256999 395256999 0 207100 0 1.000000 10 10 1130 2382 4 10 72 8192 17218 67 7571 15975 36 4096 8653 36 4096 8565
1697219674588042 2 0 0 2 2 2 0 0 0 0 0 0 0 66 66 0 100 100 34 0 0 0 60787 11215 0 1510 4905 7080 46069248 368017 5019 407408814 407408814 0 207100 0 1.000000 10 10 1130 2381 1 10 72 8192 17218 66 7458 15735 36 4096 8653 36 4096 8565
1697219674634845 2 0 0 2 2 2 0 0 0 0 0 0 0 65 65 0 100 100 35 0 0 0 60787 11534 0 1552 4948 7104 46115567 368074 5019 419608470 419608470 0 207100 0 1.000000 10 10 1130 2382 4 10 72 8192 17218 65 7345 15495 36 4096 8653 36 4096 8565
1697219674638235 2 0 0 2 2 2 0 0 0 0 0 0 0 64 64 0 100 100 36 0 0 0 60787 11834 0 1604 4989 7126 46118405 368227 5019 432169125 432169125 0 207100 0 1.000000 10 10 1130 2382 4 10 72 8192 17218 64 7232 15258 36 4096 8653 36 4096 8565
1697219674638822 2 0 0 2 2 2 0 0 0 0 0 0 0 63 63 0 100 100 37 0 0 0 60788 12105 0 1644 5016 7148 46118563 368302 5019 444743676 444743676 0 207100 0 1.000000 10 10 1130 2382 1 10 72 8192 17218 63 7119 15021 36 4096 8653 36 4096 8565
1697219674655915 2 0 0 2 2 2 0 0 0 0 0 0 0 62 62 0 100 100 38 0 0 0 60789 12428 0 1687 5056 7169 46135171 368369 5019 456981050 456981050 0 207100 0 1.000000 10 10 1130 2382 1 10 72 8192 17218 62 7006 14781 36 4096 8653 36 4096 8565
1697219674660193 2 0 0 2 2 2 0 0 0 0 0 0 0 61 61 0 100 100 39 0 0 0 60790 12793 0 1731 5097 7192 46138930 368425 5019 469204471 469204471 0 207100 0 1.000000 10 10 1130 2382 4 10 72 8192 17218 61 6893 14541 36 4096 8653 36 4096 8565
1697219674676056 2 0 0 2 2 2 0 0 0 0 0 0 0 60 60 0 100 100 40 0 0 0 60790 13139 0 1777 5147 7218 46154286 368476 5019 481803517 481803517 0 207100 0 1.000000 10 10 1130 2383 4 10 72 8192 17218 60 6780 14304 36 4096 8653 36 4096 8565
1697219675300952 2 0 0 2 2 2 0 0 0 0 0 0 0 54 54 0 100 100 46 0 0 0 60791 324156 0 2606 301873 7312 46171091 368649 5019 558072224 558072224 0 207100 0 1.000000 10 10 1130 2381 1 10 72 8192 17218 54 6102 12882 36 4096 8653 36 4096 8565
1697219675312534 2 0 0 2 2 2 0 0 0 0 0 0 0 35 35 0 100 100 65 0 0 0 60791 334494 0 4685 301977 7932 46171095 369063 5019 797838672 797838672 0 207100 0 1.000000 10 10 1130 2389 3 10 72 8192 17218 35 3955 8328 36 4096 8653 36 4096 8565
1697219675324037 2 0 0 2 2 2 0 0 0 0 0 0 0 34 34 0 100 100 66 0 0 0 60792 335233 0 4815 302062 9640 46178586 370432 5019 811098417 811098417 0 207100 0 1.000000 10 10 1130 2389 1 10 72 8192 17218 34 3842 8091 36 4096 8653 36 4096 8565
1697219675343863 2 0 0 2 2 2 0 0 0 0 0 0 0 33 33 0 100 100 67 0 0 0 60793 335927 0 4909 302128 9752 46197315 370500 5019 824015014 824015014 0 207100 0 1.000000 10 10 1130 2389 1 10 72 8192 17218 33 3729 7851 36 4096 8653 36 4096 8565
1697219675634435 2 0 0 2 2 2 0 0 0 0 0 0 0 30 30 0 100 100 70 0 0 0 60793 338237 0 5530 586631 9858 46200774 370596 5019 864058926 864058926 0 207100 0 1.000000 10 10 1130 2389 1 10 72 8192 17218 30 3390 7140 36 4096 8653 36 4096 8565
1697219675635605 2 0 0 2 2 2 0 0 0 0 0 0 0 29 29 0 100 100 71 0 0 0 60793 338750 0 5605 586683 10079 46200779 370896 5019 877133516 877133516 0 207100 0 1.000000 10 10 1130 2389 1 10 72 8192 17218 29 3277 6900 36 4096 8653 36 4096 8565
1697219675954534 2 0 0 2 2 2 0 0 0 0 0 0 0 28 28 0 100 100 72 0 0 0 60793 339350 0 5655 787589 10106 46318075 370939 5019 890458485 890458485 0 207100 0 1.000000 10 10 1130 2389 4 10 72 8192 17218 28 3164 6660 36 4096 8653 36 4096 8565
1697219685663414 2 0 0 2 2 2 0 0 0 0 0 0 0 28 27 1 100 100 72 0 0 0 60802 339372 0 5655 787683 10141 56026400 371072 5019 902442631 890458485 0 207100 0 1.000000 10 10 1130 2390 4 10 72 8192 17218 28 3164 6660 36 4096 8653 36 4096 8565
1697219685663622 2 0 0 2 2 2 0 0 0 0 0 0 0 27 27 0 100 100 73 0 0 0 60802 339789 0 5700 787683 10141 56026400 371072 5019 902442631 902442631 0 207100 0 1.000000 10 10 1130 2390 4 10 72 8192 17218 27 3051 6423 36 4096 8653 36 4096 8565
1697219685703973 2 0 0 2 2 2 0 0 0 0 0 0 0 26 26 0 100 100 74 0 0 0 60803 340119 0 5742 787731 10190 56066142 371223 5019 914370060 914370060 0 207100 0 1.000000 10 10 1130 2389 6078 603 72 8192 17218 26 2938 6186 36 4096 8653 36 4096 8565
1697219685983686 2 0 0 2 2 2 0 0 0 0 0 0 0 25 25 0 100 100 75 0 0 0 60804 340478 0 5786 787791 10215 56345307 371290 5019 926071709 926071709 0 207100 0 1.000000 10 10 1130 2389 11055 1623 72 8192 17218 25 2825 5949 36 4096 8653 36 4096 8565
1697219686071706 2 0 0 2 2 2 0 0 0 0 0 0 0 24 24 0 100 100 76 0 0 0 60805 340806 0 5828 787832 10238 56432778 371409 5019 938239675 938239675 0 207100 0 1.000000 10 10 1130 2389 10247 2465 72 8192 17218 24 2712 5712 36 4096 8653 36 4096 8565
1697219686133984 2 0 0 2 2 2 0 0 0 0 0 0 0 23 23 0 100 100 77 0 0 0 60806 341133 0 5868 787874 10263 56494563 371474 5019 950592628 950592628 0 207100 0 1.000000 10 10 1130 2388 10693 3268 72 8192 17218 23 2599 5475 36 4096 8653 36 4096 8565
1697219686200708 2 0 0 2 2 2 0 0 0 0 0 0 0 22 22 0 100 100 78 0 0 0 60806 341544 0 5922 787965 10308 56560573 371603 5019 962658650 962658650 0 207100 0 1.000000 10 10 1130 2388 12052 4126 72 8192 17218 22 2486 5238 36 4096 8653 36 4096 8565
1697219686219786 2 0 0 2 2 2 0 0 0 0 0 0 0 21 21 0 100 100 79 0 0 0 60807 341917 0 5966 788057 10338 56578965 371740 5019 974854226 974854226 0 207100 0 1.000000 10 10 1130 2387 10174 4717 72 8192 17218 21 2373 5001 36 4096 8653 36 4096 8565
1697219686223506 2 0 0 2 2 2 0 0 0 0 0 0 0 20 20 0 100 100 80 0 0 0 60808 342264 0 6008 788093 10362 56582134 371846 5019 987090698 987090698 0 207100 0 1.000000 10 10 1130 2386 11324 5362 72 8192 17218 20 2260 4761 36 4096 8653 36 4096 8565
1697219686338787 2 0 0 2 2 2 0 0 0 0 0 0 0 19 19 0 100 100 81 0 0 0 60808 342611 0 6050 788137 10388 56696873 371937 5019 999364683 999364683 0 207100 0 1.000000 10 10 1130 2386 10468 5861 72 8192 17218 19 2147 4524 36 4096 8653 36 4096 8565
1697219686344919 2 0 0 2 2 2 0 0 0 0 0 0 0 18 18 0 100 100 82 0 0 0 60808 342944 0 6105 788174 10412 56702462 372054 5019 1011596641 1011596641 0 207100 0 1.000000 10 10 1130 2386 11482 6410 72 8192 17218 18 2034 4287 36 4096 8653 36 4096 8565
1697219686470521 2 0 0 2 2 2 0 0 0 0 0 0 0 17 17 0 100 100 83 0 0 0 60808 343290 0 6149 788234 10439 56827537 372114 5019 1024347535 1024347535 0 207100 0 1.000000 10 10 1130 2386 11411 6899 72 8192 17218 17 1921 4047 36 4096 8653 36 4096 8565
1697219686480871 2 0 0 2 2 2 0 0 0 0 0 0 0 16 16 0 100 100 84 0 0 0 60808 343599 0 6200 788275 10462 56837405 372186 5019 1036618835 1036618835 0 207100 0 1.000000 10 10 1130 2386 10250 7227 72 8192 17218 16 1808 3807 36 4096 8653 36 4096 8565
1697219686491933 2 0 0 2 2 2 0 0 0 0 0 0 0 15 15 0 100 100 85 0 0 0 60808 343945 0 6247 788329 10485 56847935 372261 5019 1048760111 1048760111 0 207100 0 1.000000 10 10 1130 2386 10708 7568 72 8192 17218 15 1695 3570 36 4096 8653 36 4096 8565
1697219686684039 2 0 0 2 2 2 0 0 0 0 0 0 0 14 14 0 100 100 86 0 0 0 60808 344313 0 6290 788387 10508 57039488 372318 5019 1061374315 1061374315 0 207100 0 1.000000 10 10 1130 2386 10870 7891 72 8192 17218 14 1582 3333 36 4096 8653 36 4096 8565
1697219686722273 2 0 0 2 2 2 0 0 0 0 0 0 0 13 13 0 100 100 87 0 0 0 60808 344647 0 6335 788438 10533 57077174 372418 5019 1073704270 1073704270 0 207100 0 1.000000 10 10 1130 2386 11293 8224 72 8192 17218 13 1469 3093 36 4096 8653 36 4096 8565
1697219686788605 2 0 0 2 2 2 0 0 0 0 0 0 0 12 12 0 100 100 88 0 0 0 60808 344944 0 6377 788479 10555 57142971 372555 5019 1086379525 1086379525 0 207100 0 1.000000 10 10 1130 2386 11460 8540 72 8192 17218 12 1356 2853 36 4096 8653 36 4096 8565
1697219686797154 2 0 0 2 2 2 0 0 0 0 0 0 0 11 11 0 100 100 89 0 0 0 60808 345269 0 6418 788523 10582 57151011 372632 5019 1098803158 1098803158 0 207100 0 1.000000 10 10 1130 2386 12004 8879 72 8192 17218 11 1243 2616 36 4096 8653 36 4096 8565
1697219686797961 2 0 0 2 2 2 0 0 0 0 0 0 0 10 10 0 100 100 90 0 0 0 60809 345568 0 6460 788553 10625 57151358 372684 5019 1111237349 1111237349 0 207100 0 1.000000 10 10 1130 2386 11346 9121 72 8192 17218 10 1130 2376 36 4096 8653 36 4096 8565
1697219686804530 2 0 0 2 2 2 0 0 0 0 0 0 0 9 9 0 100 100 91 0 0 0 60809 345850 0 6500 788592 10648 57157445 372788 5019 1123878963 1123878963 0 207100 0 1.000000 10 10 1130 2386 11471 9351 72 8192 17218 9 1017 2139 36 4096 8653 36 4096 8565
1697219687013101 2 0 0 2 2 2 0 0 0 0 0 0 0 8 8 0 100 100 92 0 0 0 60810 346247 0 6544 788692 10720 57365357 372840 5019 1136698715 1136698715 0 207100 0 1.000000 10 10 1130 2386 12809 9689 72 8192 17218 8 904 1902 36 4096 8653 36 4096 8565
1697219687055123 2 0 0 2 2 2 0 0 0 0 0 0 0 7 7 0 100 100 93 0 0 0 60811 346854 0 6590 788794 10745 57406487 372956 5019 1149899085 1149899085 0 207100 0 1.000000 10 10 1130 2386 11014 9819 72 8192 17218 7 791 1665 36 4096 8653 36 4096 8565
1697219687235370 2 0 0 2 2 2 0 0 0 0 0 0 0 6 6 0 100 100 94 0 0 0 60812 347233 0 6644 788885 10768 57585888 373266 5019 1162696236 1162696236 0 207100 0 1.000000 10 10 1130 2386 9800 9819 72 8192 17218 6 678 1425 36 4096 8653 36 4096 8565
1697219687321048 2 0 1 1 2 2 0 0 0 0 0 0 0 5 5 0 100 100 95 0 0 0 60813 347626 0 6690 788978 10793 57670915 373365 5019 1175606531 1175606531 0 207100 0 1.000000 10 10 1130 2387 11295 9964 72 8192 17218 5 565 1185 36 4096 8653 36 4096 8565
1697219687436765 2 0 1 1 2 2 0 0 0 0 0 0 0 4 4 0 100 100 96 0 0 0 60814 348057 0 6735 789067 10830 57785929 373466 5019 1188891558 1188891558 0 207100 0 1.000000 10 10 1130 2388 10904 10056 72 8192 17218 4 452 948 36 4096 8653 36 4096 8565
1697219687691973 2 0 1 1 2 2 0 0 0 0 0 0 0 3 3 0 100 100 97 0 0 0 60815 348447 0 6782 789166 10854 58040452 373590 5019 1202346518 1202346518 0 207100 0 1.000000 10 10 1130 2388 10420 10093 72 8192 17218 3 339 711 36 4096 8653 36 4096 8565
1697219688100284 2 0 1 1 2 2 0 0 0 0 0 0 0 2 2 0 100 100 98 0 0 0 60816 348846 0 6832 789262 15354 58443551 373727 5019 1216131620 1216131620 0 207100 0 1.000000 10 10 1130 2386 10838 10283 72 8192 17218 2 226 474 36 4096 8653 36 4096 8565
1697219688389676 2 0 1 1 2 2 0 0 0 0 0 0 0 1 1 0 100 100 99 0 0 0 60816 349233 0 6882 789378 15382 58732075 374017 5019 1230385860 1230385860 0 207100 0 1.000000 10 10 1130 2386 10838 10338 72 8192 17218 1 113 237 36 4096 8653 36 4096 8565
1697219689151430 2 0 2 0 2 2 0 0 0 0 0 0 0 0 0 0 100 100 100 0 0 0 60816 349590 0 6927 789452 15412 59493182 374162 5019 1245253195 1245253195 0 207100 0 1.000000 10 10 1130 2386 9503 10258 72 8192 17218 0 0 0 36 4096 8653 36 4096 8565
1697219689155293 0 0 0 0 0 2 2 2 0 0 0 0 0 0 0 0 100 100 100 0 0 0 60816 349590 0 6927 789452 15412 59493182 374162 5019 1245253195 1245253195 0 207100 0 1.000000 10 10 1130 2385 11981 10345 0 0 0 0 0 0 0 0 0 0 0 0
