# timestamp workers_connected workers_init workers_idle workers_busy workers_able workers_joined workers_removed workers_released workers_idled_out workers_blocked workers_slow workers_lost tasks_waiting tasks_on_workers tasks_running tasks_with_results tasks_submitted tasks_dispatched tasks_done tasks_failed tasks_cancelled tasks_exhausted_attempts time_send time_receive time_send_good time_receive_good time_status_msgs time_internal time_polling time_application time_scheduling time_execute time_execute_good time_execute_exhaustion bytes_sent bytes_received bandwidth capacity_tasks capacity_cores capacity_memory capacity_disk capacity_instantaneous capacity_weighted total_cores total_memory total_disk committed_cores committed_memory committed_disk max_cores max_memory max_disk min_cores min_memory min_disk
1697133288012088 0 0 0 0 0 0 0 0 0 0 0 0 0 0 0 0 0 0 0 0 0 0 0 0 0 0 0 0 0 0 0 0 0 0 0 0 1.000000 0 0 0 0 0 0 0 0 0 0 0 0 0 0 0 0 0 0
1697133288013089 0 0 0 0 0 0 0 0 0 0 0 0 0 0 0 0 0 0 0 0 0 0 0 0 0 0 0 0 0 0 0 0 0 0 0 0 1.000000 10 10 5120 10240 10 10 0 0 0 0 0 0 0 0 0 0 0 0
1697133335502114 1 0 0 1 1 1 0 0 0 0 0 0 2 1 1 0 3 0 0 0 0 0 438 198 0 0 664 6221 47128549 351515 17 0 0 0 2071 0 1.000000 10 10 5120 10240 10 10 1 512 13081 0 0 0 1 512 13081 1 512 13081
1697133338996864 1 0 0 1 1 1 0 0 0 0 0 0 2 1 1 0 3 1 0 0 0 0 1856 210 0 0 835 6243 50622840 351515 17 0 0 0 2071 0 1.000000 10 10 5120 10240 10 10 1 512 13081 1 512 13081 1 512 13081 1 512 13081
1697133362727712 1 0 0 1 1 1 0 0 0 0 0 0 2 1 0 1 3 1 0 0 0 0 2424 307 0 0 1505 10813 74346125 351705 17 18612713 0 0 2071 0 1.000000 10 10 5120 10240 10 10 1 512 13081 1 512 13081 1 512 13081 1 512 13081
1697133362728512 1 0 1 0 1 1 0 0 0 0 0 0 2 0 0 0 3 1 1 0 0 0 2424 2338 0 119 1505 10857 74346125 351705 17 18612713 18612713 0 2071 0 1.000000 10 10 5120 10240 10 10 1 512 13081 0 0 0 1 512 13081 1 512 13081
1697133367634879 1 0 0 1 1 1 0 0 0 0 0 0 1 1 1 0 3 2 1 0 0 0 3394 2358 0 119 1928 10890 79250610 351994 27 18612713 18612713 0 4142 0 1.000000 10 10 5120 130810 3 10 1 512 13081 1 512 13081 1 512 13081 1 512 13081
1697133385425524 1 0 0 1 1 1 0 0 0 0 0 0 1 1 0 1 3 2 1 0 0 0 3727 2435 0 119 2016 10976 97040257 352116 27 37403692 18612713 0 4142 0 1.000000 10 10 5120 130810 3 10 1 512 13081 1 512 13081 1 512 13081 1 512 13081
1697133385425837 1 0 1 0 1 1 0 0 0 0 0 0 1 0 0 0 3 2 2 0 0 0 3727 2870 0 192 2016 11044 97040257 352116 27 37403692 37403692 0 4142 0 1.000000 10 10 5120 130810 3 10 1 512 13081 0 0 0 1 512 13081 1 512 13081
1697133390393884 1 0 0 1 1 1 0 0 0 0 0 0 0 1 1 0 3 3 2 0 0 0 4737 2888 0 192 2240 11084 102006726 352272 36 37403692 37403692 0 6213 0 1.000000 10 10 5120 130810 5 10 1 512 13081 1 512 13081 1 512 13081 1 512 13081
1697133408932686 1 0 0 1 1 1 0 0 0 0 0 0 0 1 0 1 3 3 2 0 0 0 4771 2958 0 192 2367 15883 120540026 352400 36 56943327 37403692 0 6213 0 1.000000 10 10 5120 130810 5 10 1 512 13081 1 512 13081 1 512 13081 1 512 13081
1697133408933429 1 0 1 0 1 1 0 0 0 0 0 0 0 0 0 0 3 3 3 0 0 0 4771 3799 0 295 2367 16024 120540026 352400 36 56943327 56943327 0 6213 0 1.000000 10 10 5120 130810 5 10 1 512 13081 0 0 0 1 512 13081 1 512 13081
1697133408937551 0 0 0 0 0 1 1 1 0 0 0 0 0 0 0 0 3 3 3 0 0 0 4771 3799 0 295 2367 16024 120540026 352400 36 56943327 56943327 0 6213 0 1.000000 10 10 5120 130810 5 10 0 0 0 0 0 0 0 0 0 0 0 0
