# timestamp workers_connected workers_init workers_idle workers_busy workers_able workers_joined workers_removed workers_released workers_idled_out workers_blocked workers_slow workers_lost tasks_waiting tasks_on_workers tasks_running tasks_with_results tasks_submitted tasks_dispatched tasks_done tasks_failed tasks_cancelled tasks_exhausted_attempts time_send time_receive time_send_good time_receive_good time_status_msgs time_internal time_polling time_application time_scheduling time_execute time_execute_good time_execute_exhaustion bytes_sent bytes_received bandwidth capacity_tasks capacity_cores capacity_memory capacity_disk capacity_instantaneous capacity_weighted manager_load total_cores total_memory total_disk committed_cores committed_memory committed_disk max_cores max_memory max_disk min_cores min_memory min_disk
1695667556478387 0 0 0 0 0 0 0 0 0 0 0 0 0 0 0 0 0 0 0 0 0 0 0 0 0 0 0 0 0 0 0 0 0 0 0 0 1.000000 0 0 0 0 0 0 0.000000 0 0 0 0 0 0 0 0 0 0 0 0
1695667556479298 0 0 0 0 0 0 0 0 0 0 0 0 0 0 0 0 0 0 0 0 0 0 0 0 0 0 0 0 0 0 0 0 0 0 0 0 1.000000 10 10 5120 10240 10 10 0.000000 0 0 0 0 0 0 0 0 0 0 0 0
1695667597726215 1 0 0 1 1 1 0 0 0 0 0 0 9 1 0 0 10 0 0 0 0 0 1426 132 0 0 518 5329 40971651 266820 12 0 0 0 2071 0 1.000000 10 10 5120 10240 10 10 0.485266 1 512 9172 0 0 0 1 512 9172 0 0 0
1695667601282628 10 0 9 1 10 10 0 0 0 0 0 0 9 1 0 0 10 1 0 0 0 0 133873 228 0 0 9240 5782 44387022 266820 95804 0 0 0 2071 0 1.000000 10 10 5120 10240 10 10 0.512820 10 5120 51904 1 512 9172 1 512 9172 0 0 0
1695667606414632 10 0 6 4 10 10 0 0 0 0 0 0 6 4 0 0 10 4 0 0 0 0 149504 247 0 0 9509 5847 49502909 266836 105568 0 0 0 8284 0 1.000000 10 10 5120 10240 10 10 0.469028 10 5120 51904 4 2048 21836 1 512 9172 0 0 0
1695667611379882 10 0 0 10 10 10 0 0 0 0 0 0 0 10 1 0 10 10 0 0 0 0 170399 286 0 0 11003 5947 54445522 266853 115985 0 0 0 20710 0 1.000000 10 10 5120 10240 10 10 0.477575 10 5120 51904 10 5120 51904 1 512 9172 0 0 0
1695667632268249 10 0 0 10 10 10 0 0 0 0 0 0 0 10 10 1 10 10 0 0 0 0 170454 410 0 0 16874 11618 75321591 266982 115985 19981478 0 0 20710 0 1.000000 10 10 5120 10240 10 10 0.512771 10 5120 51904 10 5120 51904 1 512 9172 0 0 0
1695667632268578 10 0 1 9 10 10 0 0 0 0 0 0 0 9 9 0 10 10 1 0 0 0 170455 991 0 105 16875 11648 75321591 266982 115985 19981478 19981478 0 20710 0 1.000000 10 10 5120 10240 10 10 0.555649 10 5120 51904 9 4608 47694 1 512 9172 0 0 0
1695667632989920 10 0 2 8 10 10 0 0 0 0 0 0 0 8 8 0 10 10 2 0 0 0 170456 54978 0 6541 19774 32605 75960698 267238 115985 43585405 43585405 0 20710 0 1.000000 10 10 5120 42100 3 10 0.587172 10 5120 51904 8 4096 38522 1 512 9172 0 0 0
1695667634037411 10 0 3 7 10 10 0 0 0 0 0 0 0 7 7 0 10 10 3 0 0 0 170458 191317 0 59051 35573 32743 76847913 268954 115985 62849924 62849924 0 20710 0 1.000000 10 10 5120 66910 3 10 0.610344 10 5120 51904 7 3584 34297 1 512 9172 0 0 0
1695667634330406 10 0 4 6 10 10 0 0 0 0 0 0 0 6 6 0 10 10 4 0 0 0 170460 191777 0 59119 35639 32780 77139966 269126 115985 84841415 84841415 0 20710 0 1.000000 10 10 5120 58690 2 10 0.627378 10 5120 51904 6 3072 30068 1 512 9172 0 0 0
1695667635572037 10 0 5 5 10 10 0 0 0 0 0 0 0 5 5 0 10 10 5 0 0 0 170462 192232 0 59187 35701 32815 78380850 269244 115985 104673968 104673968 0 20710 0 1.000000 10 10 5120 54590 3 10 0.631689 10 5120 51904 5 2560 21113 1 512 9172 0 0 0
1695667636367463 10 0 6 4 10 10 0 0 0 0 0 0 0 4 4 0 10 10 6 0 0 0 170464 192707 0 59291 35789 32857 79175492 269372 115985 125599181 125599181 0 20710 0 1.000000 10 10 5120 61582 3 10 0.643069 10 5120 51904 4 2048 16885 1 512 9172 0 0 0
1695667637194966 10 0 7 3 10 10 0 0 0 0 0 0 0 3 3 0 10 10 7 0 0 0 170466 193221 0 59379 35856 32899 80002182 269524 115985 145850211 145850211 0 20710 0 1.000000 10 10 5120 58365 3 10 0.651434 10 5120 51904 3 1536 12664 1 512 9172 0 0 0
1695667638210489 10 0 8 2 10 10 0 0 0 0 0 0 0 2 2 0 10 10 8 0 0 0 170470 193778 0 59461 35992 32932 81016792 269665 115985 165003989 165003989 0 20710 0 1.000000 10 10 5120 56058 3 10 0.647648 10 5120 51904 2 1024 8435 1 512 9172 0 0 0
1695667638800213 10 0 9 1 10 10 0 0 0 0 0 0 0 1 1 0 10 10 9 0 0 0 170472 194360 0 59529 37697 33032 81603947 269801 115985 184870720 184870720 0 20710 0 1.000000 10 10 5120 54337 2 10 0.654800 10 5120 51904 1 512 4222 1 512 9172 0 0 0
1695667641964810 10 0 10 0 10 10 0 0 0 0 0 0 0 0 0 0 10 10 10 0 0 0 170476 195914 0 59735 406462 33231 84397813 269908 115985 208443603 208443603 0 20710 0 1.000000 10 10 5120 52980 2 10 0.640698 10 5120 51904 0 0 0 1 512 9172 0 0 0
1695667641971304 0 0 0 0 0 10 10 10 0 0 0 0 0 0 0 0 10 10 10 0 0 0 170476 195914 0 59735 406462 33231 84397813 269908 115985 208443603 208443603 0 20710 0 1.000000 10 10 5120 51904 3 10 0.640698 0 0 0 0 0 0 0 0 0 0 0 0
