# timestamp workers_connected workers_init workers_idle workers_busy workers_able workers_joined workers_removed workers_released workers_idled_out workers_blocked workers_slow workers_lost tasks_waiting tasks_on_workers tasks_running tasks_with_results tasks_submitted tasks_dispatched tasks_done tasks_failed tasks_cancelled tasks_exhausted_attempts time_send time_receive time_send_good time_receive_good time_status_msgs time_internal time_polling time_application time_scheduling time_execute time_execute_good time_execute_exhaustion bytes_sent bytes_received bandwidth capacity_tasks capacity_cores capacity_memory capacity_disk capacity_instantaneous capacity_weighted total_cores total_memory total_disk committed_cores committed_memory committed_disk max_cores max_memory max_disk min_cores min_memory min_disk
1697463409363893 0 0 0 0 0 0 0 0 0 0 0 0 0 0 0 0 0 0 0 0 0 0 0 0 0 0 0 0 0 0 0 0 0 0 0 0 1.000000 0 0 0 0 0 0 0 0 0 0 0 0 0 0 0 0 0 0
1697463409364882 0 0 0 0 0 0 0 0 0 0 0 0 0 0 0 0 0 0 0 0 0 0 0 0 0 0 0 0 0 0 0 0 0 0 0 0 1.000000 10 10 5120 10240 10 10 0 0 0 0 0 0 0 0 0 0 0 0
1697463563193882 1 0 0 1 1 1 0 0 0 0 0 0 199 1 1 0 200 0 0 0 0 0 9781 302 0 0 772 19896 153477777 319056 24 0 0 0 2071 0 1.000000 10 10 5120 10240 10 10 10 4000 13081 0 0 0 10 4000 13081 10 4000 13081
1697463564199909 1 0 0 1 1 1 0 0 0 0 0 0 190 10 10 0 200 10 0 0 0 0 15567 312 0 0 812 19944 154478860 319056 69 0 0 0 20710 0 1.000000 10 10 5120 10240 10 10 10 4000 13081 10 4000 13080 10 4000 13081 10 4000 13081
1697463607782298 1 0 0 1 1 1 0 0 0 0 0 0 190 10 9 1 200 10 0 0 0 0 27677 397 0 0 1538 26210 198041399 319164 69 20045993 0 0 20710 0 1.000000 10 10 5120 10240 10 10 10 4000 13081 10 4000 13080 10 4000 13081 10 4000 13081
1697463607782577 1 0 0 1 1 1 0 0 0 0 0 0 190 9 9 0 200 10 1 0 0 0 27677 868 0 54 1538 26244 198041399 319164 69 20045993 20045993 0 20710 0 1.000000 10 10 5120 10240 10 10 10 4000 13081 9 3600 11772 10 4000 13081 10 4000 13081
1697463607801255 1 0 0 1 1 1 0 0 0 0 0 0 189 9 9 0 200 11 2 0 0 0 28712 1204 0 101 1705 26298 198058231 319385 86 40112181 40112181 0 22781 0 1.000000 10 10 4000 13080 1 10 10 4000 13081 9 3600 11772 10 4000 13081 10 4000 13081
1697463608395994 1 0 0 1 1 1 0 0 0 0 0 0 188 9 9 0 200 12 3 0 0 0 29503 1609 0 155 1849 26340 198651451 319487 90 60766064 60766064 0 24852 0 1.000000 10 10 4000 13080 1 10 10 4000 13081 9 3600 11772 10 4000 13081 10 4000 13081
1697463608619552 1 0 0 1 1 1 0 0 0 0 0 0 187 9 9 0 200 13 4 0 0 0 30324 2032 0 206 1972 26417 198873351 319662 95 81642699 81642699 0 26923 0 1.000000 10 10 4000 13080 1 10 10 4000 13081 9 3600 11772 10 4000 13081 10 4000 13081
1697463608657375 1 0 0 1 1 1 0 0 0 0 0 0 186 9 9 0 200 14 5 0 0 0 31124 2429 0 288 2073 26462 198909698 319758 99 102558955 102558955 0 28994 0 1.000000 10 10 4000 13080 1 10 10 4000 13081 9 3600 11772 10 4000 13081 10 4000 13081
1697463608850563 1 0 0 1 1 1 0 0 0 0 0 0 185 9 9 0 200 15 6 0 0 0 31923 2741 0 332 2201 26507 199101487 319836 104 123669259 123669259 0 31065 0 1.000000 10 10 4000 13080 1 10 10 4000 13081 9 3600 11772 10 4000 13081 10 4000 13081
1697463609014899 1 0 0 1 1 1 0 0 0 0 0 0 184 9 9 0 200 16 7 0 0 0 32823 3130 0 380 2395 26553 199264186 319908 109 144944739 144944739 0 33136 0 1.000000 10 10 4000 13080 1 10 10 4000 13081 9 3600 11772 10 4000 13081 10 4000 13081
1697463609555566 1 0 0 1 1 1 0 0 0 0 0 0 183 9 9 0 200 17 8 0 0 0 33713 3457 0 431 2488 26600 199803368 320002 114 166761797 166761797 0 35207 0 1.000000 10 10 4000 13080 1 10 10 4000 13081 9 3600 11772 10 4000 13081 10 4000 13081
1697463610346153 1 0 0 1 1 1 0 0 0 0 0 0 182 9 9 0 200 18 9 0 0 0 34573 3812 0 489 2678 26645 200592376 320096 118 189370273 189370273 0 37278 0 1.000000 10 10 4000 13080 1 10 10 4000 13081 9 3600 11772 10 4000 13081 10 4000 13081
1697463611405586 1 0 0 1 1 1 0 0 0 0 0 0 181 9 9 0 200 19 10 0 0 0 35531 4205 0 556 2772 26695 201650151 320189 123 213039150 213039150 0 39349 0 1.000000 10 10 4000 13080 1 10 10 4000 13081 9 3600 11772 10 4000 13081 10 4000 13081
1697463616119973 2 0 0 2 2 2 0 0 0 0 0 0 170 20 20 0 200 30 10 0 0 0 44265 4230 0 556 3390 26818 206354862 320278 174 213039150 213039150 0 62130 0 1.000000 10 10 4000 13080 1 10 20 8000 26161 20 8000 26160 10 4000 13081 10 4000 13080
1697463627429599 3 0 0 3 3 3 0 0 0 0 0 0 169 21 21 0 200 30 10 0 0 0 52682 4266 0 556 4237 26980 217653911 320339 180 213039150 213039150 0 64201 0 1.000000 10 10 4000 13080 1 10 30 12000 39241 20 8000 26160 10 4000 13081 10 4000 13080
1697463628985789 4 0 0 4 4 4 0 0 0 0 0 0 150 39 39 0 200 50 11 0 0 0 68888 4735 0 596 5116 27163 219193317 320339 318 234221681 234221681 0 103550 0 1.000000 10 10 4000 13080 1 10 40 16000 52322 39 15600 51012 10 4000 13081 10 4000 13080
1697463629000435 4 0 0 4 4 4 0 0 0 0 0 0 149 39 39 0 200 51 12 0 0 0 70405 5023 0 636 5221 27200 219205793 320530 325 254824290 254824290 0 105621 0 1.000000 10 10 4000 13080 12402 1219 40 16000 52322 39 15600 51012 10 4000 13081 10 4000 13080
1697463629200583 4 0 0 4 4 4 0 0 0 0 0 0 148 39 39 0 200 52 13 0 0 0 71819 5303 0 674 5350 27238 219403933 320645 332 275403618 275403618 0 107692 0 1.000000 10 10 4000 13080 13865 2453 40 16000 52322 39 15600 51012 10 4000 13081 10 4000 13080
1697463629574292 4 0 0 4 4 4 0 0 0 0 0 0 147 39 39 0 200 53 14 0 0 0 73129 5658 0 725 5531 27278 219775624 320740 340 295961138 295961138 0 109763 0 1.000000 10 10 4000 13080 14232 3602 40 16000 52322 39 15600 51012 10 4000 13081 10 4000 13080
1697463629704444 4 0 0 4 4 4 0 0 0 0 0 0 146 39 39 0 200 54 15 0 0 0 74598 6009 0 764 5694 27316 219903669 320797 348 317880965 317880965 0 111834 0 1.000000 10 10 4000 13080 12841 4503 40 16000 52322 39 15600 51012 10 4000 13081 10 4000 13080
1697463629715389 4 0 0 4 4 4 0 0 0 0 0 0 145 39 39 0 200 55 16 0 0 0 75927 6325 0 808 5779 27352 219912751 320862 356 338744050 338744050 0 113905 0 1.000000 10 10 4000 13080 13326 5365 40 16000 52322 39 15600 51012 10 4000 13081 10 4000 13080
1697463630609273 4 0 0 4 4 4 0 0 0 0 0 0 144 39 39 0 200 56 17 0 0 0 77326 6696 0 853 5912 27393 220804571 320947 364 359795944 359795944 0 115976 0 1.000000 10 10 4000 13080 13984 6206 40 16000 52322 39 15600 51012 10 4000 13081 10 4000 13080
1697463630792034 4 0 0 4 4 4 0 0 0 0 0 0 143 39 39 0 200 57 18 0 0 0 78740 7042 0 902 6035 27436 220985301 321016 372 380239863 380239863 0 118047 0 1.000000 10 10 4000 13080 13979 6965 40 16000 52322 39 15600 51012 10 4000 13081 10 4000 13080
1697463631630696 4 0 0 4 4 4 0 0 0 0 0 0 142 39 39 0 200 58 19 0 0 0 81714 7373 0 952 6437 27497 221820093 321079 380 403210856 403210856 0 120118 0 1.000000 10 10 4000 13080 12451 7501 40 16000 52322 39 15600 51012 10 4000 13081 10 4000 13080
1697463633207067 4 0 0 4 4 4 0 0 0 0 0 0 141 39 39 0 200 59 20 0 0 0 85939 7767 0 1005 6928 27581 223391133 321175 388 425010354 425010354 0 122189 0 1.000000 10 10 4000 13080 11206 7863 40 16000 52322 39 15600 51012 10 4000 13081 10 4000 13080
1697463635775972 4 0 0 4 4 4 0 0 0 0 0 0 140 39 39 0 200 60 21 0 0 0 88647 8206 0 1055 7068 27651 225956449 321364 397 444107199 444107199 0 124260 0 1.000000 10 10 4000 13080 12877 8353 40 16000 52322 39 15600 51012 10 4000 13081 10 4000 13080
1697463636983507 4 0 0 4 4 4 0 0 0 0 0 0 139 39 39 0 200 61 22 0 0 0 90819 8657 0 1106 7241 27703 227161036 321430 418 464410311 464410311 0 126331 0 1.000000 10 10 4000 13080 6 7540 40 16000 52322 39 15600 51012 10 4000 13081 10 4000 13080
1697463637164406 4 0 0 4 4 4 0 0 0 0 0 0 138 39 39 0 200 62 23 0 0 0 92354 9103 0 1159 7441 27748 227339626 321477 438 484892341 484892341 0 128402 0 1.000000 10 10 4000 13080 6 6807 40 16000 52322 39 15600 51012 10 4000 13081 10 4000 13080
1697463637341868 4 0 0 4 4 4 0 0 0 0 0 0 137 39 39 0 200 63 24 0 0 0 93816 9469 0 1212 7557 27804 227514990 321541 446 505548018 505548018 0 130473 0 1.000000 10 10 4000 13080 6 6144 40 16000 52322 39 15600 51012 10 4000 13081 10 4000 13080
1697463637484138 4 0 0 4 4 4 0 0 0 0 0 0 136 39 39 0 200 64 25 0 0 0 95353 9819 0 1266 7651 27850 227655131 321608 455 526347504 526347504 0 132544 0 1.000000 10 10 4000 13080 6 5547 40 16000 52322 39 15600 51012 10 4000 13081 10 4000 13080
1697463637609669 4 0 0 4 4 4 0 0 0 0 0 0 135 39 39 0 200 65 26 0 0 0 96932 10286 0 1321 7808 27928 227778258 321694 463 547275614 547275614 0 134615 0 1.000000 10 10 4000 13080 6 5007 40 16000 52322 39 15600 51012 10 4000 13081 10 4000 13080
1697463637955601 4 0 0 4 4 4 0 0 0 0 0 0 134 39 39 0 200 66 27 0 0 0 98454 10642 0 1376 7947 27972 228121987 321792 471 568547339 568547339 0 136686 0 1.000000 10 10 4000 13080 6 4520 40 16000 52322 39 15600 51012 10 4000 13081 10 4000 13080
1697463638000922 4 0 0 4 4 4 0 0 0 0 0 0 133 39 39 0 200 67 28 0 0 0 99986 11039 0 1429 8092 28026 228165087 321848 480 589862831 589862831 0 138757 0 1.000000 10 10 4000 13080 6 4081 40 16000 52322 39 15600 51012 10 4000 13081 10 4000 13080
1697463638247108 4 0 0 4 4 4 0 0 0 0 0 0 132 39 39 0 200 68 29 0 0 0 101548 11405 0 1479 8187 28069 228409100 321904 500 611426869 611426869 0 140828 0 1.000000 10 10 4000 13080 6 3685 40 16000 52322 39 15600 51012 10 4000 13081 10 4000 13080
1697463640246979 4 0 0 4 4 4 0 0 0 0 0 0 131 39 39 0 200 69 30 0 0 0 103839 11778 0 1535 8279 28118 230406014 322020 509 634993295 634993295 0 142899 0 1.000000 10 10 4000 13080 7 3328 40 16000 52322 39 15600 51012 10 4000 13081 10 4000 13080
1697463645256681 4 0 0 4 4 4 0 0 0 0 0 0 130 40 40 0 200 70 30 0 0 0 108153 11786 0 1535 8324 28167 235411154 322090 530 634993295 634993295 0 144970 0 1.000000 10 10 4000 13080 7 3162 40 16000 52322 40 16000 52320 10 4000 13081 10 4000 13080
1697463649483832 4 0 0 4 4 4 0 0 0 0 0 0 130 39 39 0 200 70 31 0 0 0 110351 12219 0 1591 8450 33901 239629763 322098 530 655474543 655474543 0 144970 0 1.000000 10 10 4000 13080 7 2714 40 16000 52322 39 15600 51012 10 4000 13081 10 4000 13080
1697463649532475 4 0 0 4 4 4 0 0 0 0 0 0 129 39 39 0 200 71 32 0 0 0 111887 12678 0 1643 8605 34016 239675901 322288 545 675804377 675804377 0 147041 0 1.000000 10 10 4000 13080 12105 3631 40 16000 52322 39 15600 51012 10 4000 13081 10 4000 13080
1697463650186974 4 0 0 4 4 4 0 0 0 0 0 0 128 39 39 0 200 72 33 0 0 0 113409 13026 0 1688 8688 34057 240328278 322379 553 697003620 697003620 0 149112 0 1.000000 10 10 4000 13080 11745 4423 40 16000 52322 39 15600 51012 10 4000 13081 10 4000 13080
1697463650600663 4 0 0 4 4 4 0 0 0 0 0 0 127 39 39 0 200 73 34 0 0 0 114925 13527 0 1749 8863 34104 240739621 322450 562 717886922 717886922 0 151183 0 1.000000 10 10 4000 13080 13418 5301 40 16000 52322 39 15600 51012 10 4000 13081 10 4000 13080
1697463651224136 4 0 0 4 4 4 0 0 0 0 0 0 126 39 39 0 200 74 35 0 0 0 116285 13842 0 1791 8935 34140 241361202 322525 571 738499969 738499969 0 153254 0 1.000000 10 10 4000 13080 12285 5983 40 16000 52322 39 15600 51012 10 4000 13081 10 4000 13080
1697463651406920 4 0 0 4 4 4 0 0 0 0 0 0 125 39 39 0 200 75 36 0 0 0 117629 14157 0 1838 9008 34178 241542065 322643 580 758394432 758394432 0 155325 0 1.000000 10 10 4000 13080 13214 6689 40 16000 52322 39 15600 51012 10 4000 13081 10 4000 13080
1697463651640033 4 0 0 4 4 4 0 0 0 0 0 0 124 39 39 0 200 76 37 0 0 0 119053 14601 0 1897 9154 34218 241772986 322744 588 778515660 778515660 0 157396 0 1.000000 10 10 4000 13080 6 6038 40 16000 52322 39 15600 51012 10 4000 13081 10 4000 13080
1697463651673340 4 0 0 4 4 4 0 0 0 0 0 0 123 39 39 0 200 77 38 0 0 0 120659 15016 0 1964 9327 34261 241803935 322833 598 800612651 800612651 0 159467 0 1.000000 10 10 4000 13080 6 5451 40 16000 52322 39 15600 51012 10 4000 13081 10 4000 13080
1697463651676346 4 0 0 4 4 4 0 0 0 0 0 0 122 39 39 0 200 78 39 0 0 0 122086 15343 0 2013 9416 34299 241804958 322901 606 822582805 822582805 0 161538 0 1.000000 10 10 4000 13080 12195 6110 40 16000 52322 39 15600 51012 10 4000 13081 10 4000 13080
1697463651756586 4 0 0 4 4 4 0 0 0 0 0 0 121 39 39 0 200 79 40 0 0 0 123486 15658 0 2057 9517 34337 241883245 322965 614 842818905 842818905 0 163609 0 1.000000 10 10 4000 13080 14647 6943 40 16000 52322 39 15600 51012 10 4000 13081 10 4000 13080
1697463652048471 4 0 0 4 4 4 0 0 0 0 0 0 120 39 39 0 200 80 41 0 0 0 124928 15972 0 2101 9589 34387 242173091 323081 621 864073544 864073544 0 165680 0 1.000000 10 10 4000 13080 6 6268 40 16000 52322 39 15600 51012 10 4000 13081 10 4000 13080
1697463652301008 4 0 0 4 4 4 0 0 0 0 0 0 119 39 39 0 200 81 42 0 0 0 126211 16463 0 2157 9714 34424 242423522 323207 629 884741757 884741757 0 167751 0 1.000000 10 10 4000 13080 13911 7014 40 16000 52322 39 15600 51012 10 4000 13081 10 4000 13080
1697463652356983 4 0 0 4 4 4 0 0 0 0 0 0 118 39 39 0 200 82 43 0 0 0 127642 16894 0 2218 9846 34476 242477263 323362 637 905583766 905583766 0 169822 0 1.000000 10 10 4000 13080 11592 7461 40 16000 52322 39 15600 51012 10 4000 13081 10 4000 13080
1697463652548611 4 0 0 4 4 4 0 0 0 0 0 0 117 39 39 0 200 83 44 0 0 0 129271 17376 0 2269 10040 34520 242666398 323469 646 926618289 926618289 0 171893 0 1.000000 10 10 4000 13080 6 6735 40 16000 52322 39 15600 51012 10 4000 13081 10 4000 13080
1697463652646428 4 0 0 4 4 4 0 0 0 0 0 0 116 39 39 0 200 84 45 0 0 0 130854 17757 0 2331 10164 34602 242761939 323538 655 947746916 947746916 0 173964 0 1.000000 10 10 4000 13080 6 6080 40 16000 52322 39 15600 51012 10 4000 13081 10 4000 13080
1697463652766496 4 0 0 4 4 4 0 0 0 0 0 0 115 39 39 0 200 85 46 0 0 0 132374 18163 0 2382 10298 34648 242879757 323645 676 967690963 967690963 0 176035 0 1.000000 10 10 4000 13080 6 5489 40 16000 52322 39 15600 51012 10 4000 13081 10 4000 13080
1697463652818756 4 0 0 4 4 4 0 0 0 0 0 0 114 39 39 0 200 86 47 0 0 0 133958 18532 0 2434 10456 34711 242929740 323713 697 988993834 988993834 0 178106 0 1.000000 10 10 4000 13080 4 4955 40 16000 52322 39 15600 51012 10 4000 13081 10 4000 13080
1697463652889892 4 0 0 4 4 4 0 0 0 0 0 0 113 39 39 0 200 87 48 0 0 0 135597 18950 0 2499 10649 34756 242998449 323808 718 1009063710 1009063710 0 180177 0 1.000000 10 10 4000 13080 6 4473 40 16000 52322 39 15600 51012 10 4000 13081 10 4000 13080
1697463653020800 4 0 0 4 4 4 0 0 0 0 0 0 112 39 39 0 200 88 49 0 0 0 137119 19373 0 2555 10792 34822 243127081 323892 739 1030571369 1030571369 0 182248 0 1.000000 10 10 4000 13080 4 4038 40 16000 52322 39 15600 51012 10 4000 13081 10 4000 13080
1697463653093964 4 0 0 4 4 4 0 0 0 0 0 0 111 39 39 0 200 89 50 0 0 0 138583 19815 0 2606 10932 34866 243198028 323985 748 1050849849 1050849849 0 184319 0 1.000000 10 10 4000 13080 6 3646 40 16000 52322 39 15600 51012 10 4000 13081 10 4000 13080
1697463653592579 4 0 0 4 4 4 0 0 0 0 0 0 110 39 39 0 200 90 51 0 0 0 140094 20131 0 2650 11019 34907 243694572 324068 756 1071624408 1071624408 0 186390 0 1.000000 10 10 4000 13080 4 3291 40 16000 52322 39 15600 51012 10 4000 13081 10 4000 13080
1697463653754306 4 0 0 4 4 4 0 0 0 0 0 0 109 39 38 1 200 91 52 0 0 0 141541 20639 0 2705 11154 34956 243854043 324152 764 1113492904 1092561613 0 188461 0 1.000000 10 10 4000 13080 4 2971 40 16000 52322 39 15600 51012 10 4000 13081 10 4000 13080
1697463653754645 4 0 0 4 4 4 0 0 0 0 0 0 109 38 38 0 200 91 53 0 0 0 141541 20809 0 2794 11154 34984 243854046 324245 764 1113492904 1113492904 0 188461 0 1.000000 10 10 4000 13080 4 2683 40 16000 52322 38 15200 49704 10 4000 13081 10 4000 13080
1697463653880136 4 0 0 4 4 4 0 0 0 0 0 0 107 39 39 0 200 93 54 0 0 0 143759 21139 0 2840 11274 35047 243976684 324332 782 1134163438 1134163438 0 192603 0 1.000000 10 10 4000 13080 4 2423 40 16000 52322 39 15600 51012 10 4000 13081 10 4000 13080
1697463654574459 4 0 0 4 4 4 0 0 0 0 0 0 106 39 39 0 200 94 55 0 0 0 145138 21587 0 2884 11421 35086 244668872 324419 790 1155918722 1155918722 0 194674 0 1.000000 10 10 4000 13080 9678 3131 40 16000 52322 39 15600 51012 10 4000 13081 10 4000 13080
1697463654854404 4 0 0 4 4 4 0 0 0 0 0 0 105 39 39 0 200 95 56 0 0 0 146553 21959 0 2937 11607 35130 244946592 324568 798 1179256431 1179256431 0 196745 0 1.000000 10 10 4000 13080 5 2827 40 16000 52322 39 15600 51012 10 4000 13081 10 4000 13080
1697463654914497 4 0 0 4 4 4 0 0 0 0 0 0 104 39 39 0 200 96 57 0 0 0 147981 22319 0 2990 11731 35181 245004558 324682 807 1201354591 1201354591 0 198816 0 1.000000 10 10 4000 13080 7 2553 40 16000 52322 39 15600 51012 10 4000 13081 10 4000 13080
1697463654986640 4 0 0 4 4 4 0 0 0 0 0 0 103 39 39 0 200 97 58 0 0 0 149481 22645 0 3041 11827 35233 245074607 324767 815 1223520352 1223520352 0 200887 0 1.000000 10 10 4000 13080 5 2305 40 16000 52322 39 15600 51012 10 4000 13081 10 4000 13080
1697463655077058 4 0 0 4 4 4 0 0 0 0 0 0 102 39 39 0 200 98 59 0 0 0 151020 23007 0 3093 11918 35275 245162823 324878 824 1245773728 1245773728 0 202958 0 1.000000 10 10 4000 13080 5 2081 40 16000 52322 39 15600 51012 10 4000 13081 10 4000 13080
1697463655116145 4 0 0 4 4 4 0 0 0 0 0 0 101 39 39 0 200 99 60 0 0 0 152600 23673 0 3188 12043 35315 245199152 325189 833 1269369865 1269369865 0 205029 0 1.000000 10 10 4000 13080 5 1880 40 16000 52322 39 15600 51012 10 4000 13081 10 4000 13080
1697463656976919 4 0 0 4 4 4 0 0 0 0 0 0 100 39 39 0 200 100 61 0 0 0 154771 24120 0 3243 12239 35365 247056888 325302 842 1290568691 1290568691 0 207100 0 1.000000 10 10 4000 13080 7 1698 40 16000 52322 39 15600 51012 10 4000 13081 10 4000 13080
1697463657388577 4 0 0 4 4 4 0 0 0 0 0 0 99 39 39 0 200 101 62 0 0 0 156297 24482 0 3297 12370 35418 247466369 325369 850 1310971839 1310971839 0 209171 0 1.000000 10 10 4000 13080 11578 2662 40 16000 52322 39 15600 51012 10 4000 13081 10 4000 13080
1697463657472655 4 0 0 4 4 4 0 0 0 0 0 0 98 39 39 0 200 102 63 0 0 0 157858 24844 0 3355 12477 35473 247548251 325432 858 1331100782 1331100782 0 211242 0 1.000000 10 10 4000 13080 12225 3596 40 16000 52322 39 15600 51012 10 4000 13081 10 4000 13080
1697463657792766 4 0 0 4 4 4 0 0 0 0 0 0 97 39 39 0 200 103 64 0 0 0 159349 25307 0 3408 12603 35515 247866099 325536 869 1351727155 1351727155 0 213313 0 1.000000 10 10 4000 13080 12995 4513 40 16000 52322 39 15600 51012 10 4000 13081 10 4000 13080
1697463658488616 4 0 0 4 4 4 0 0 0 0 0 0 96 39 39 0 200 104 65 0 0 0 160989 25665 0 3463 12720 35558 248559692 325597 889 1372729744 1372729744 0 215384 0 1.000000 10 10 4000 13080 12141 5258 40 16000 52322 39 15600 51012 10 4000 13081 10 4000 13080
1697463659032378 6 0 0 6 6 6 0 0 0 0 0 0 75 59 59 0 200 125 66 0 0 0 187143 26104 0 3524 13927 35768 249075258 325703 1076 1393759250 1393759250 0 258875 0 1.000000 10 10 4000 13080 13260 6040 60 24000 78483 59 23600 77172 10 4000 13081 10 4000 13080
1697463660284480 6 0 0 6 6 6 0 0 0 0 0 0 74 59 59 0 200 126 67 0 0 0 190616 26614 0 3576 14297 35839 250322824 325773 1087 1415793947 1415793947 0 260946 0 1.000000 10 10 4000 13080 12601 6681 60 24000 78483 59 23600 77172 10 4000 13081 10 4000 13080
1697463661692261 6 0 0 6 6 6 0 0 0 0 0 0 73 59 59 0 200 127 68 0 0 0 192864 27099 0 3629 14473 35889 251727520 325860 1097 1439528607 1439528607 0 263017 0 1.000000 10 10 4000 13080 9357 6943 60 24000 78483 59 23600 77172 10 4000 13081 10 4000 13080
1697463661795134 6 0 0 6 6 6 0 0 0 0 0 0 72 59 59 0 200 128 69 0 0 0 194456 27501 0 3677 14676 35930 251827996 325984 1108 1461074615 1461074615 0 265088 0 1.000000 10 10 4000 13080 13792 7612 60 24000 78483 59 23600 77172 10 4000 13081 10 4000 13080
1697463662622468 6 0 0 6 6 6 0 0 0 0 0 0 71 59 59 0 200 129 70 0 0 0 195963 27838 0 3720 14758 35965 252653225 326090 1119 1486085574 1486085574 0 267159 0 1.000000 10 10 4000 13080 11566 7998 60 24000 78483 59 23600 77172 10 4000 13081 10 4000 13080
1697463667172469 6 0 0 6 6 6 0 0 0 0 0 0 70 60 60 0 200 130 70 0 0 0 203551 27857 0 3720 15359 36029 257194752 326210 1130 1486085574 1486085574 0 269230 0 1.000000 10 10 4000 13080 16095 8403 60 24000 78483 60 24000 78480 10 4000 13081 10 4000 13080
1697463669628010 6 0 0 6 6 6 0 0 0 0 0 0 70 59 59 0 200 130 71 0 0 0 204487 28228 0 3767 15449 36064 259648812 326217 1130 1506179231 1506179231 0 269230 0 1.000000 10 10 4000 13080 16095 9154 60 24000 78483 59 23600 77172 10 4000 13081 10 4000 13080
1697463670968758 6 0 0 6 6 6 0 0 0 0 0 0 69 59 59 0 200 131 72 0 0 0 206478 28555 0 3813 15541 36105 260986996 326289 1153 1526959123 1526959123 0 271301 0 1.000000 10 10 4000 13080 12591 9490 60 24000 78483 59 23600 77172 10 4000 13081 10 4000 13080
1697463671081500 6 0 0 6 6 6 0 0 0 0 0 0 68 59 59 0 200 132 73 0 0 0 208010 28934 0 3860 15633 36155 261097565 326361 1163 1548554777 1548554777 0 273372 0 1.000000 10 10 4000 13080 12796 9813 60 24000 78483 59 23600 77172 10 4000 13081 10 4000 13080
1697463671719443 6 0 0 6 6 6 0 0 0 0 0 0 67 59 59 0 200 133 74 0 0 0 209371 29329 0 3909 15718 36204 261733520 326424 1174 1568596098 1568596098 0 275443 0 1.000000 10 10 4000 13080 13897 10212 60 24000 78483 59 23600 77172 10 4000 13081 10 4000 13080
1697463672357852 6 0 0 6 6 6 0 0 0 0 0 0 66 59 59 0 200 134 75 0 0 0 210771 29813 0 3957 15898 36260 262369642 326541 1185 1588903541 1588903541 0 277514 0 1.000000 10 10 4000 13080 13344 10518 60 24000 78483 59 23600 77172 10 4000 13081 10 4000 13080
1697463672378772 6 0 0 6 6 6 0 0 0 0 0 0 65 59 59 0 200 135 76 0 0 0 212259 30183 0 4002 16050 36300 262388354 326663 1196 1609607107 1609607107 0 279585 0 1.000000 10 10 4000 13080 12709 10733 60 24000 78483 59 23600 77172 10 4000 13081 10 4000 13080
1697463672541016 6 0 0 6 6 6 0 0 0 0 0 0 64 59 59 0 200 136 77 0 0 0 213725 30617 0 4053 16138 36349 262548409 326781 1209 1630506047 1630506047 0 281656 0 1.000000 11 11 4400 14388 12836 10939 60 24000 78483 59 23600 77172 10 4000 13081 10 4000 13080
1697463672966719 6 0 0 6 6 6 0 0 0 0 0 0 63 59 59 0 200 137 78 0 0 0 215143 31029 0 4127 16301 36399 262971810 327004 1220 1651714231 1651714231 0 283727 0 1.000000 11 11 4400 14388 12194 11062 60 24000 78483 59 23600 77172 10 4000 13081 10 4000 13080
1697463673038472 6 0 0 6 6 6 0 0 0 0 0 0 62 59 59 0 200 138 79 0 0 0 216547 31401 0 4177 16388 36435 263041501 327119 1230 1673526149 1673526149 0 285798 0 1.000000 12 12 4800 15696 12980 11250 60 24000 78483 59 23600 77172 10 4000 13081 10 4000 13080
1697463673179928 6 0 0 6 6 6 0 0 0 0 0 0 61 59 59 0 200 139 80 0 0 0 217952 31756 0 4222 16539 36473 263180866 327213 1241 1694403230 1694403230 0 287869 0 1.000000 12 12 4800 15696 10402 11168 60 24000 78483 59 23600 77172 10 4000 13081 10 4000 13080
1697463673728054 6 0 0 6 6 6 0 0 0 0 0 0 60 59 59 0 200 140 81 0 0 0 219345 32144 0 4269 16651 36513 263726946 327279 1251 1715772324 1715772324 0 289940 0 1.000000 12 12 4800 15696 13984 11443 60 24000 78483 59 23600 77172 10 4000 13081 10 4000 13080
1697463673755660 6 0 0 6 6 6 0 0 0 0 0 0 59 59 59 0 200 141 82 0 0 0 220691 32551 0 4317 16870 36548 263752379 327394 1262 1736977393 1736977393 0 292011 0 1.000000 12 12 4800 15696 12835 11580 60 24000 78483 59 23600 77172 10 4000 13081 10 4000 13080
1697463674222591 6 0 0 6 6 6 0 0 0 0 0 0 58 59 59 0 200 142 83 0 0 0 222209 32965 0 4367 16989 36586 264217066 327513 1273 1758431528 1758431528 0 294082 0 1.000000 12 12 4800 15696 12630 11683 60 24000 78483 59 23600 77172 10 4000 13081 10 4000 13080
1697463674258700 6 0 0 6 6 6 0 0 0 0 0 0 57 59 59 0 200 143 84 0 0 0 223493 33308 0 4414 17073 36625 264251314 327589 1283 1779594479 1779594479 0 296153 0 1.000000 12 12 4800 15696 12925 11805 60 24000 78483 59 23600 77172 10 4000 13081 10 4000 13080
1697463674392672 6 0 0 6 6 6 0 0 0 0 0 0 56 59 59 0 200 144 85 0 0 0 224812 33742 0 4462 17212 36671 264383197 327703 1294 1801338715 1801338715 0 298224 0 1.000000 12 12 4800 15696 14137 12033 60 24000 78483 59 23600 77172 10 4000 13081 10 4000 13080
1697463674748414 6 0 0 6 6 6 0 0 0 0 0 0 55 59 59 0 200 145 86 0 0 0 226103 34229 0 4515 17341 36706 264736867 327795 1305 1823064348 1823064348 0 300295 0 1.000000 13 13 5200 17004 13029 12131 60 24000 78483 59 23600 77172 10 4000 13081 10 4000 13080
1697463674751400 6 0 0 6 6 6 0 0 0 0 0 0 54 59 59 0 200 146 87 0 0 0 227333 34638 0 4564 17479 36742 264737864 327931 1315 1846406855 1846406855 0 302366 0 1.000000 13 13 5200 17004 13057 12222 60 24000 78483 59 23600 77172 10 4000 13081 10 4000 13080
1697463674905978 6 0 0 6 6 6 0 0 0 0 0 0 53 59 59 0 200 147 88 0 0 0 228625 34976 0 4612 17648 36780 264890479 328021 1326 1867718363 1867718363 0 304437 0 1.000000 13 13 5200 17004 13961 12392 60 24000 78483 59 23600 77172 10 4000 13081 10 4000 13080
1697463675070491 6 0 0 6 6 6 0 0 0 0 0 0 52 59 59 0 200 148 89 0 0 0 229881 35356 0 4661 17741 36818 265052966 328221 1337 1892186248 1892186248 0 306508 0 1.000000 13 13 5200 17004 13237 12476 60 24000 78483 59 23600 77172 10 4000 13081 10 4000 13080
1697463675183739 6 0 0 6 6 6 0 0 0 0 0 0 51 59 59 0 200 149 90 0 0 0 231354 35799 0 4709 17968 36867 265163911 328286 1361 1913487819 1913487819 0 308579 0 1.000000 14 14 5600 18312 14893 12712 60 24000 78483 59 23600 77172 10 4000 13081 10 4000 13080
1697463675263754 6 0 0 6 6 6 0 0 0 0 0 0 50 59 59 0 200 150 91 0 0 0 232581 36237 0 4754 18098 36912 265241913 328410 1372 1934174570 1934174570 0 310650 0 1.000000 14 14 5600 18312 12342 12677 60 24000 78483 59 23600 77172 10 4000 13081 10 4000 13080
1697463675407669 6 0 0 6 6 6 0 0 0 0 0 0 49 59 59 0 200 151 92 0 0 0 233827 36604 0 4804 18215 36962 265383927 328480 1382 1956761169 1956761169 0 312721 0 1.000000 14 14 5600 18312 9447 12363 60 24000 78483 59 23600 77172 10 4000 13081 10 4000 13080
1697463675699207 6 0 0 6 6 6 0 0 0 0 0 0 48 59 59 0 200 152 93 0 0 0 235039 36953 0 4851 18295 36998 265673625 328571 1393 1979568571 1979568571 0 314792 0 1.000000 14 14 5600 18312 11419 12272 60 24000 78483 59 23600 77172 10 4000 13081 10 4000 13080
1697463676107584 6 0 0 6 6 6 0 0 0 0 0 0 47 59 59 0 200 153 94 0 0 0 236267 38115 0 4902 18475 37053 266079255 328648 1403 2001917804 2001917804 0 316863 0 1.000000 15 15 6000 19620 14574 12498 60 24000 78483 59 23600 77172 10 4000 13081 10 4000 13080
1697463676269431 6 0 0 6 6 6 0 0 0 0 0 0 46 59 59 0 200 154 95 0 0 0 237441 38529 0 4952 18621 37098 266239215 328716 1440 2023107996 2023107996 0 318934 0 1.000000 16 16 6400 20928 7702 12032 60 24000 78483 59 23600 77172 10 4000 13081 10 4000 13080
1697463676492812 6 0 0 6 6 6 0 0 0 0 0 0 45 59 59 0 200 155 96 0 0 0 238613 38879 0 5012 18707 37160 266460779 328822 1464 2044684526 2044684526 0 321005 0 1.000000 17 17 6800 22236 12961 12124 60 24000 78483 59 23600 77172 10 4000 13081 10 4000 13080
1697463677038751 6 0 0 6 6 6 0 0 0 0 0 0 44 59 59 0 200 156 97 0 0 0 239768 39195 0 5063 18807 37193 267004959 328944 1475 2066734777 2066734777 0 323076 0 1.000000 18 18 7200 23544 14809 12387 60 24000 78483 59 23600 77172 10 4000 13081 10 4000 13080
1697463677329000 6 0 0 6 6 6 0 0 0 0 0 0 43 59 59 0 200 157 98 0 0 0 240909 39562 0 5124 18954 37241 267293374 329026 1486 2088945719 2088945719 0 325147 0 1.000000 20 20 8000 26160 14117 12557 60 24000 78483 59 23600 77172 10 4000 13081 10 4000 13080
1697463677631297 6 0 0 6 6 6 0 0 0 0 0 0 42 59 59 0 200 158 99 0 0 0 242159 39952 0 5183 19095 37281 267593716 329125 1497 2112820572 2112820572 0 327218 0 1.000000 22 22 8800 28776 14275 12725 60 24000 78483 59 23600 77172 10 4000 13081 10 4000 13080
1697463677703725 6 0 0 6 6 6 0 0 0 0 0 0 41 59 59 0 200 159 100 0 0 0 243432 40344 0 5245 19275 37319 267664130 329216 1508 2135667883 2135667883 0 329289 0 1.000000 24 24 9600 31392 16220 13066 60 24000 78483 59 23600 77172 10 4000 13081 10 4000 13080
1697463677937578 6 0 0 6 6 6 0 0 0 0 0 0 40 59 59 0 200 160 101 0 0 0 244578 40752 0 5301 19392 37353 267896137 329311 1519 2156214919 2156214919 0 331360 0 1.000000 27 27 10800 35316 13488 13108 60 24000 78483 59 23600 77172 10 4000 13081 10 4000 13080
1697463678219734 6 0 0 6 6 6 0 0 0 0 0 0 39 59 59 0 200 161 102 0 0 0 245810 41159 0 5357 19519 37427 268176353 329366 1542 2176639984 2176639984 0 333431 0 1.000000 32 32 12800 41856 12187 13019 60 24000 78483 59 23600 77172 10 4000 13081 10 4000 13080
1697463678636709 6 0 0 6 6 6 0 0 0 0 0 0 38 59 59 0 200 162 103 0 0 0 247011 41620 0 5410 19660 37461 268591358 329462 1555 2196785974 2196785974 0 335502 0 1.000000 37 37 14800 48396 12855 13004 60 24000 78483 59 23600 77172 10 4000 13081 10 4000 13080
1697463678649616 6 0 0 6 6 6 0 0 0 0 0 0 37 59 59 0 200 163 104 0 0 0 248242 41981 0 5462 19836 37502 268602345 329531 1578 2218456654 2218456654 0 337573 0 1.000000 37 37 14800 48396 11249 12834 60 24000 78483 59 23600 77172 10 4000 13081 10 4000 13080
1697463678942203 6 0 0 6 6 6 0 0 0 0 0 0 36 59 59 0 200 164 105 0 0 0 249501 42494 0 5518 19999 37552 268892837 329596 1601 2239924109 2239924109 0 339644 0 1.000000 46 46 18400 60168 12455 12798 60 24000 78483 59 23600 77172 10 4000 13081 10 4000 13080
1697463679541576 6 0 0 6 6 6 0 0 0 0 0 0 35 59 59 0 200 165 106 0 0 0 250750 43001 0 5573 20187 37587 269489992 329798 1612 2260431215 2260431215 0 341715 0 1.000000 54 54 21600 70632 12282 12749 60 24000 78483 59 23600 77172 10 4000 13081 10 4000 13080
1697463681738037 6 0 0 6 6 6 0 0 0 0 0 0 34 59 59 0 200 166 107 0 0 0 252471 43425 0 5628 20331 37643 271684000 329856 1634 2280372148 2280372148 0 343786 0 1.000000 74 74 29600 96792 11470 12626 60 24000 78483 59 23600 77172 10 4000 13081 10 4000 13080
1697463682110659 6 0 0 6 6 6 0 0 0 0 0 0 33 59 59 0 200 167 108 0 0 0 253504 43761 0 5673 20411 37675 272055005 329955 1645 2300788145 2300788145 0 345857 0 1.000000 117 117 46800 153036 12249 12591 60 24000 78483 59 23600 77172 10 4000 13081 10 4000 13080
1697463682839279 6 0 0 6 6 6 0 0 0 0 0 0 32 59 59 0 200 168 109 0 0 0 254499 44156 0 5722 20551 37707 272781976 330005 1666 2320705361 2320705361 0 347928 0 1.000000 287 287 114800 375396 9736 12314 60 24000 78483 59 23600 77172 10 4000 13081 10 4000 13080
1697463683143507 6 0 0 6 6 6 0 0 0 0 0 0 31 59 59 0 200 169 110 0 0 0 255388 44598 0 5777 20685 37738 273084580 330097 1677 2343562351 2343562351 0 349999 0 1.000000 256 256 102400 334848 5 11115 60 24000 78483 59 23600 77172 10 4000 13081 10 4000 13080
1697463683322615 6 0 0 6 6 6 0 0 0 0 0 0 30 59 59 0 200 170 111 0 0 0 256493 45090 0 5827 20869 37771 273261766 330164 1700 2363965871 2363965871 0 352070 0 1.000000 257 257 102800 336156 13259 11325 60 24000 78483 59 23600 77172 10 4000 13081 10 4000 13080
1697463683324615 6 0 0 6 6 6 0 0 0 0 0 0 29 59 59 0 200 171 112 0 0 0 256922 46493 0 5898 20900 37797 273261772 330231 1710 2384365590 2384365590 0 354141 0 1.000000 130 130 52000 170040 6 10223 60 24000 78483 59 23600 77172 10 4000 13081 10 4000 13080
1697463683516568 6 0 0 6 6 6 0 0 0 0 0 0 28 59 59 0 200 172 113 0 0 0 259347 46813 0 5941 21274 37841 273450438 330318 1720 2404961591 2404961591 0 356212 0 1.000000 87 87 34800 113796 6 9228 60 24000 78483 59 23600 77172 10 4000 13081 10 4000 13080
1697463683584606 6 0 0 6 6 6 0 0 0 0 0 0 27 59 59 0 200 173 114 0 0 0 260212 47198 0 5992 21397 37873 273516943 330409 1730 2425623067 2425623067 0 358283 0 1.000000 66 66 26400 86328 6 8329 60 24000 78483 59 23600 77172 10 4000 13081 10 4000 13080
1697463683643324 6 0 0 6 6 6 0 0 0 0 0 0 26 59 59 0 200 174 115 0 0 0 261075 47591 0 6044 21491 37934 273574143 330476 1740 2446641965 2446641965 0 360354 0 1.000000 53 53 21200 69324 6 7518 60 24000 78483 59 23600 77172 10 4000 13081 10 4000 13080
1697463683696738 6 0 0 6 6 6 0 0 0 0 0 0 25 59 59 0 200 175 116 0 0 0 262017 48006 0 6092 21643 37966 273625901 330555 1764 2467421520 2467421520 0 362425 0 1.000000 53 53 21200 69324 13253 8078 60 24000 78483 59 23600 77172 10 4000 13081 10 4000 13080
1697463683835513 6 0 0 6 6 6 0 0 0 0 0 0 24 59 59 0 200 176 117 0 0 0 262881 48348 0 6140 21778 38030 273763144 330642 1775 2488334629 2488334629 0 364496 0 1.000000 44 44 17600 57552 6 7292 60 24000 78483 59 23600 77172 10 4000 13081 10 4000 13080
1697463683849138 6 0 0 6 6 6 0 0 0 0 0 0 23 59 59 0 200 177 118 0 0 0 263668 48746 0 6186 21930 38063 273775285 330722 1786 2509263964 2509263964 0 366567 0 1.000000 38 38 15200 49704 6 6582 60 24000 78483 59 23600 77172 10 4000 13081 10 4000 13080
1697463684029806 6 0 0 6 6 6 0 0 0 0 0 0 22 59 59 0 200 178 119 0 0 0 264421 49069 0 6232 22059 38094 273954587 330813 1797 2530369084 2530369084 0 368638 0 1.000000 33 33 13200 43164 6 5942 60 24000 78483 59 23600 77172 10 4000 13081 10 4000 13080
1697463684299842 6 0 0 6 6 6 0 0 0 0 0 0 21 59 59 0 200 179 120 0 0 0 265247 49470 0 6283 22171 38125 274223121 330908 1808 2550502470 2550502470 0 370709 0 1.000000 29 29 11600 37932 6 5364 60 24000 78483 59 23600 77172 10 4000 13081 10 4000 13080
1697463684415522 6 0 0 6 6 6 0 0 0 0 0 0 20 59 59 0 200 180 121 0 0 0 266184 49842 0 6329 22271 38157 274337213 331019 1831 2570752475 2570752475 0 372780 0 1.000000 26 26 10400 34008 4 4842 60 24000 78483 59 23600 77172 10 4000 13081 10 4000 13080
1697463684472102 6 0 0 6 6 6 0 0 0 0 0 0 19 59 59 0 200 181 122 0 0 0 267230 50238 0 6377 22417 38187 274392066 331090 1854 2591059776 2591059776 0 374851 0 1.000000 23 23 9200 30084 4 4372 60 24000 78483 59 23600 77172 10 4000 13081 10 4000 13080
1697463684643625 6 0 0 6 6 6 0 0 0 0 0 0 18 59 59 0 200 182 123 0 0 0 268118 50606 0 6421 22514 38217 274562026 331224 1865 2611540319 2611540319 0 376922 0 1.000000 20 20 8000 26160 4 3947 60 24000 78483 59 23600 77172 10 4000 13081 10 4000 13080
1697463684729724 6 0 0 6 6 6 0 0 0 0 0 0 17 59 59 0 200 183 124 0 0 0 268999 50995 0 6468 22670 38260 274646557 331289 1878 2632102866 2632102866 0 378993 0 1.000000 19 19 7600 24852 4 3563 60 24000 78483 59 23600 77172 10 4000 13081 10 4000 13080
1697463684755715 6 0 0 6 6 6 0 0 0 0 0 0 16 59 59 0 200 184 125 0 0 0 269792 51422 0 6515 22814 38291 274671018 331386 1890 2652694535 2652694535 0 381064 0 1.000000 17 17 6800 22236 4 3217 60 24000 78483 59 23600 77172 10 4000 13081 10 4000 13080
1697463685013805 6 0 0 6 6 6 0 0 0 0 0 0 15 59 59 0 200 185 126 0 0 0 270695 51828 0 6565 22963 38321 274927367 331605 1901 2673546852 2673546852 0 383135 0 1.000000 16 16 6400 20928 4 2905 60 24000 78483 59 23600 77172 10 4000 13081 10 4000 13080
1697463685423738 6 0 0 6 6 6 0 0 0 0 0 0 14 59 59 0 200 186 127 0 0 0 271701 52201 0 6616 23140 38353 275335549 331730 1912 2694810914 2694810914 0 385206 0 1.000000 15 15 6000 19620 4 2623 60 24000 78483 59 23600 77172 10 4000 13081 10 4000 13080
1697463685620203 6 0 0 6 6 6 0 0 0 0 0 0 13 59 59 0 200 187 128 0 0 0 272482 52581 0 6663 23232 38396 275530548 331857 1922 2716270582 2716270582 0 387277 0 1.000000 14 14 5600 18312 4 2369 60 24000 78483 59 23600 77172 10 4000 13081 10 4000 13080
1697463685622631 6 0 0 6 6 6 0 0 0 0 0 0 12 59 59 0 200 188 129 0 0 0 273207 52946 0 6714 23359 38424 275531594 331961 1933 2738975276 2738975276 0 389348 0 1.000000 13 13 5200 17004 5 2139 60 24000 78483 59 23600 77172 10 4000 13081 10 4000 13080
1697463685842188 6 0 0 6 6 6 0 0 0 0 0 0 11 59 59 0 200 189 130 0 0 0 274000 53319 0 6756 114716 38461 275658459 332050 1943 2760564104 2760564104 0 391419 0 1.000000 12 12 4800 15696 6 1932 60 24000 78483 59 23600 77172 10 4000 13081 10 4000 13080
1697463690849524 6 0 0 6 6 6 0 0 0 0 0 0 10 60 60 0 200 190 130 0 0 0 275475 53330 0 6756 114799 38483 280663993 332133 1954 2760564104 2760564104 0 393490 0 1.000000 12 12 4800 15696 4 1836 60 24000 78483 60 24000 78480 10 4000 13081 10 4000 13080
1697463691748499 6 0 0 6 6 6 0 0 0 0 0 0 10 59 59 0 200 190 131 0 0 0 275475 53700 0 6809 114849 38509 281562472 332146 1954 2782682622 2782682622 0 393490 0 1.000000 12 12 4800 15696 4 1658 60 24000 78483 59 23600 77172 10 4000 13081 10 4000 13080
1697463691844643 6 0 0 6 6 6 0 0 0 0 0 0 9 59 59 0 200 191 132 0 0 0 276131 54049 0 6862 114956 38536 281657329 332255 1965 2802146638 2802146638 0 395561 0 1.000000 12 12 4800 15696 13504 2814 60 24000 78483 59 23600 77172 10 4000 13081 10 4000 13080
1697463691991920 6 0 0 6 6 6 0 0 0 0 0 0 8 59 59 0 200 192 133 0 0 0 276785 54386 0 6912 115053 38564 281803377 332332 1989 2823055306 2823055306 0 397632 0 1.000000 12 12 4800 15696 12764 3785 60 24000 78483 59 23600 77172 10 4000 13081 10 4000 13080
1697463692602373 6 0 0 6 6 6 0 0 0 0 0 0 7 59 59 0 200 193 134 0 0 0 277527 54755 0 6960 115242 38593 282412299 332495 2000 2844686833 2844686833 0 399703 0 1.000000 12 12 4800 15696 14014 4783 60 24000 78483 59 23600 77172 10 4000 13081 10 4000 13080
1697463692618422 6 0 0 6 6 6 0 0 0 0 0 0 6 59 59 0 200 194 135 0 0 0 278044 55114 0 7009 115328 38622 282427197 332617 2011 2864761695 2864761695 0 401774 0 1.000000 12 12 4800 15696 11873 5475 60 24000 78483 59 23600 77172 10 4000 13081 10 4000 13080
1697463692777512 6 0 0 6 6 6 0 0 0 0 0 0 5 59 59 0 200 195 136 0 0 0 278666 55515 0 7060 115534 38668 282584858 332719 2021 2885817691 2885817691 0 403845 0 1.000000 12 12 4800 15696 9452 5863 60 24000 78483 59 23600 77172 10 4000 13081 10 4000 13080
1697463693831526 6 0 0 6 6 6 0 0 0 0 0 0 4 59 59 0 200 196 137 0 0 0 279242 55966 0 7113 115620 38699 283637585 332800 2032 2906680412 2906680412 0 405916 0 1.000000 12 12 4800 15696 12200 6481 60 24000 78483 59 23600 77172 10 4000 13081 10 4000 13080
1697463693847088 6 0 0 6 6 6 0 0 0 0 0 0 3 59 59 0 200 197 138 0 0 0 279849 56297 0 7159 115761 38741 283651927 332861 2054 2927486722 2927486722 0 407987 0 1.000000 12 12 4800 15696 11922 7013 60 24000 78483 59 23600 77172 10 4000 13081 10 4000 13080
1697463694771491 6 0 0 6 6 6 0 0 0 0 0 0 2 59 59 0 200 198 139 0 0 0 280380 56653 0 7210 115857 38792 284575134 332977 2065 2948033608 2948033608 0 410058 0 1.000000 12 12 4800 15696 10461 7350 60 24000 78483 59 23600 77172 10 4000 13081 10 4000 13080
1697463695033681 6 0 0 6 6 6 0 0 0 0 0 0 1 59 59 0 200 199 140 0 0 0 280901 57039 0 7274 115942 38821 284836153 333074 2089 2969337239 2969337239 0 412129 0 1.000000 12 12 4800 15696 12130 7817 60 24000 78483 59 23600 77172 10 4000 13081 10 4000 13080
1697463695044733 6 0 0 6 6 6 0 0 0 0 0 0 0 59 59 0 200 200 141 0 0 0 281407 57434 0 7325 116079 38850 284845929 333233 2101 2990624324 2990624324 0 414200 0 1.000000 12 12 4800 15696 12873 8311 60 24000 78483 59 23600 77172 10 4000 13081 10 4000 13080
1697463695380501 6 0 0 6 6 6 0 0 0 0 0 0 0 58 58 0 200 200 142 0 0 0 281407 57933 0 7378 116168 38887 285180917 333353 2101 3011251399 3011251399 0 414200 0 1.000000 11 11 4400 14388 12863 8756 60 24000 78483 58 23200 75864 10 4000 13081 10 4000 13080
1697463695617093 6 0 0 6 6 6 0 0 0 0 0 0 0 57 57 0 200 200 143 0 0 0 281408 58373 0 7431 116252 38910 285416831 333422 2101 3032473717 3032473717 0 414200 0 1.000000 11 11 4400 14388 12007 9074 60 24000 78483 57 22800 74556 10 4000 13081 10 4000 13080
1697463695619500 6 0 0 6 6 6 0 0 0 0 0 0 0 56 56 0 200 200 144 0 0 0 281409 58729 0 7477 116294 38933 285418645 333560 2101 3053185267 3053185267 0 414200 0 1.000000 11 11 4400 14388 11700 9331 60 24000 78483 56 22400 73248 10 4000 13081 10 4000 13080
1697463695750739 6 0 0 6 6 6 0 0 0 0 0 0 0 55 55 0 200 200 145 0 0 0 281410 59111 0 7522 116382 38956 285549291 333624 2101 3075754172 3075754172 0 414200 0 1.000000 11 11 4400 14388 13269 9716 60 24000 78483 55 22000 71940 10 4000 13081 10 4000 13080
1697463695790904 6 0 0 6 6 6 0 0 0 0 0 0 0 54 54 0 200 200 146 0 0 0 281412 59472 0 7578 116430 38980 285588905 333708 2101 3096359447 3096359447 0 414200 0 1.000000 11 11 4400 14388 13704 10106 60 24000 78483 54 21600 70632 10 4000 13081 10 4000 13080
1697463696022540 6 0 0 6 6 6 0 0 0 0 0 0 0 53 53 0 200 200 147 0 0 0 281412 59894 0 7630 116519 39010 285819871 333801 2101 3118121255 3118121255 0 414200 0 1.000000 11 11 4400 14388 13260 10414 60 24000 78483 53 21200 69324 10 4000 13081 10 4000 13080
1697463696087790 6 0 0 6 6 6 0 0 0 0 0 0 0 52 52 0 200 200 148 0 0 0 281412 60264 0 7683 116595 39033 285884506 333908 2101 3138943362 3138943362 0 414200 0 1.000000 11 11 4400 14388 12757 10644 60 24000 78483 52 20800 68016 10 4000 13081 10 4000 13080
1697463696134504 6 0 0 6 6 6 0 0 0 0 0 0 0 51 51 0 200 200 149 0 0 0 281412 60633 0 7737 116675 39071 285930618 333976 2101 3160005404 3160005404 0 414200 0 1.000000 11 11 4400 14388 12728 10848 60 24000 78483 51 20400 66708 10 4000 13081 10 4000 13080
1697463696205663 6 0 0 6 6 6 0 0 0 0 0 0 0 50 50 0 200 200 150 0 0 0 281412 60974 0 7785 116721 39094 286001222 334075 2101 3183851229 3183851229 0 414200 0 1.000000 11 11 4400 14388 12750 11035 60 24000 78483 50 20000 65400 10 4000 13081 10 4000 13080
1697463696350264 6 0 0 6 6 6 0 0 0 0 0 0 0 49 49 0 200 200 151 0 0 0 281412 61356 0 7836 116766 39119 286145253 334155 2101 3204500406 3204500406 0 414200 0 1.000000 11 11 4400 14388 14426 11367 60 24000 78483 49 19600 64092 10 4000 13081 10 4000 13080
1697463697106313 6 0 0 6 6 6 0 0 0 0 0 0 0 48 48 0 200 200 152 0 0 0 281412 61732 0 7885 116813 39150 286900728 334227 2101 3226196686 3226196686 0 414200 0 1.000000 11 11 4400 14388 13119 11539 60 24000 78483 48 19200 62784 10 4000 13081 10 4000 13080
1697463697434978 6 0 0 6 6 6 0 0 0 0 0 0 0 47 47 0 200 200 153 0 0 0 281412 62183 0 7936 116901 39173 287228710 334310 2101 3247520850 3247520850 0 414200 0 1.000000 11 11 4400 14388 10736 11461 60 24000 78483 47 18800 61476 10 4000 13081 10 4000 13080
1697463697985403 6 0 0 6 6 6 0 0 0 0 0 0 0 46 46 0 200 200 154 0 0 0 281413 62537 0 7989 116957 39202 287778563 334406 2101 3268465500 3268465500 0 414200 0 1.000000 11 11 4400 14388 7261 11052 60 24000 78483 46 18400 60168 10 4000 13081 10 4000 13080
1697463698585753 6 0 0 6 6 6 0 0 0 0 0 0 0 45 45 0 200 200 155 0 0 0 281413 62904 0 8040 117003 39226 288378272 334564 2101 3289720344 3289720344 0 414200 0 1.000000 11 11 4400 14388 12149 11160 60 24000 78483 45 18000 58860 10 4000 13081 10 4000 13080
1697463698810713 6 0 0 6 6 6 0 0 0 0 0 0 0 44 44 0 200 200 156 0 0 0 281413 63389 0 8094 117102 39251 288602504 334635 2101 3310309141 3310309141 0 414200 0 1.000000 11 11 4400 14388 13186 11359 60 24000 78483 44 17600 57552 10 4000 13081 10 4000 13080
1697463698824696 6 0 0 6 6 6 0 0 0 0 0 0 0 43 43 0 200 200 157 0 0 0 281413 63772 0 8146 117191 39276 288615898 334688 2101 3334383393 3334383393 0 414200 0 1.000000 11 11 4400 14388 10964 11322 60 24000 78483 43 17200 56244 10 4000 13081 10 4000 13080
1697463698836777 6 0 0 6 6 6 0 0 0 0 0 0 0 42 42 0 200 200 158 0 0 0 281415 64141 0 8195 117271 39309 288627366 334770 2101 3356948714 3356948714 0 414200 0 1.000000 11 11 4400 14388 14162 11599 60 24000 78483 42 16800 54936 10 4000 13081 10 4000 13080
1697463698844709 6 0 0 6 6 6 0 0 0 0 0 0 0 41 41 0 200 200 159 0 0 0 281427 64472 0 8246 117318 39336 288634774 334842 2101 3378160225 3378160225 0 414200 0 1.000000 12 12 4800 15696 13321 11768 60 24000 78483 41 16400 53628 10 4000 13081 10 4000 13080
1697463699037240 6 0 0 6 6 6 0 0 0 0 0 0 0 40 40 0 200 200 160 0 0 0 281427 64950 0 8303 117410 39431 288826497 334940 2101 3399491580 3399491580 0 414200 0 1.000000 12 12 4800 15696 13078 11897 60 24000 78483 40 16000 52320 10 4000 13081 10 4000 13080
1697463699205853 6 0 0 6 6 6 0 0 0 0 0 0 0 39 39 0 200 200 161 0 0 0 281429 65292 0 8354 117476 39454 288994512 335069 2101 3422202677 3422202677 0 414200 0 1.000000 13 13 5200 17004 11937 11901 60 24000 78483 39 15600 51012 10 4000 13081 10 4000 13080
1697463699589487 6 0 0 6 6 6 0 0 0 0 0 0 0 38 38 0 200 200 162 0 0 0 281429 65692 0 8411 117535 39479 289377558 335137 2101 3443852638 3443852638 0 414200 0 1.000000 13 13 5200 17004 13849 12092 60 24000 78483 38 15200 49704 10 4000 13081 10 4000 13080
1697463700263569 6 0 0 6 6 6 0 0 0 0 0 0 0 37 37 0 200 200 163 0 0 0 281430 66174 0 8469 117581 39503 290050988 335197 2101 3465477449 3465477449 0 414200 0 1.000000 14 14 5600 18312 12804 12162 60 24000 78483 37 14800 48396 10 4000 13081 10 4000 13080
1697463700397369 6 0 0 6 6 6 0 0 0 0 0 0 0 36 36 0 200 200 164 0 0 0 281430 66609 0 8542 117626 39537 290184073 335360 2101 3486331315 3486331315 0 414200 0 1.000000 15 15 6000 19620 12343 12181 60 24000 78483 36 14400 47088 10 4000 13081 10 4000 13080
1697463700869603 6 0 0 6 6 6 0 0 0 0 0 0 0 35 35 0 200 200 165 0 0 0 281430 67007 0 8596 117679 39561 290655692 335466 2101 3508256716 3508256716 0 414200 0 1.000000 15 15 6000 19620 12685 12231 60 24000 78483 35 14000 45780 10 4000 13081 10 4000 13080
1697463701568452 6 0 0 6 6 6 0 0 0 0 0 0 0 34 34 0 200 200 166 0 0 0 281430 67506 0 8655 117769 39587 291353816 335520 2101 3531173479 3531173479 0 414200 0 1.000000 15 15 6000 19620 13712 12377 60 24000 78483 34 13600 44472 10 4000 13081 10 4000 13080
1697463702063793 6 0 0 6 6 6 0 0 0 0 0 0 0 33 33 0 200 200 167 0 0 0 281432 67882 0 8714 117832 39611 291848535 335631 2101 3551124812 3551124812 0 414200 0 1.000000 16 16 6400 20928 12890 12428 60 24000 78483 33 13200 43164 10 4000 13081 10 4000 13080
1697463702528730 6 0 0 6 6 6 0 0 0 0 0 0 0 32 32 0 200 200 168 0 0 0 281433 68393 0 8793 117938 39635 292312739 335686 2101 3571913294 3571913294 0 414200 0 1.000000 17 17 6800 22236 12864 12471 60 24000 78483 32 12800 41856 10 4000 13081 10 4000 13080
1697463703517454 6 0 0 6 6 6 0 0 0 0 0 0 0 31 31 0 200 200 169 0 0 0 281433 68834 0 8845 118025 39673 293300703 335820 2101 3592104176 3592104176 0 414200 0 1.000000 19 19 7600 24852 10885 12317 60 24000 78483 31 12400 40548 10 4000 13081 10 4000 13080
1697463703769997 6 0 0 6 6 6 0 0 0 0 0 0 0 30 30 0 200 200 170 0 0 0 281433 69170 0 8898 118074 39701 293552734 335885 2101 3612355897 3612355897 0 414200 0 1.000000 20 20 8000 26160 12297 12316 60 24000 78483 30 12000 39240 10 4000 13081 10 4000 13080
1697463703790807 6 0 0 6 6 6 0 0 0 0 0 0 0 29 29 0 200 200 171 0 0 0 281433 69624 0 8943 118161 39730 293572830 335978 2101 3632309231 3632309231 0 414200 0 1.000000 23 23 9200 30084 14303 12511 60 24000 78483 29 11600 37932 10 4000 13081 10 4000 13080
1697463704032525 6 0 0 6 6 6 0 0 0 0 0 0 0 28 28 0 200 200 172 0 0 0 281434 70056 0 9000 118208 39776 293813920 336043 2101 3653195761 3653195761 0 414200 0 1.000000 25 25 10000 32700 11849 12447 60 24000 78483 28 11200 36624 10 4000 13081 10 4000 13080
1697463704445362 6 0 0 6 6 6 0 0 0 0 0 0 0 27 27 0 200 200 173 0 0 0 281434 70455 0 9079 118256 39801 294226157 336131 2101 3673790125 3673790125 0 414200 0 1.000000 29 29 11600 37932 9590 12170 60 24000 78483 27 10800 35316 10 4000 13081 10 4000 13080
1697463704689034 6 0 0 6 6 6 0 0 0 0 0 0 0 26 26 0 200 200 174 0 0 0 281436 70788 0 9129 118301 39824 294469288 336233 2101 3694780639 3694780639 0 414200 0 1.000000 34 34 13600 44472 13365 12287 60 24000 78483 26 10400 34008 10 4000 13081 10 4000 13080
1697463704838575 6 0 0 6 6 6 0 0 0 0 0 0 0 25 25 0 200 200 175 0 0 0 281436 71356 0 9181 118389 39849 294617959 336377 2101 3715144863 3715144863 0 414200 0 1.000000 41 41 16400 53628 13883 12443 60 24000 78483 25 10000 32700 10 4000 13081 10 4000 13080
1697463704941703 6 0 1 5 6 6 0 0 0 0 0 0 0 24 24 0 200 200 176 0 0 0 281436 71805 0 9239 118435 39875 294720464 336443 2101 3736441237 3736441237 0 414200 0 1.000000 52 52 20800 68016 10902 12293 60 24000 78483 24 9600 31392 10 4000 13081 10 4000 13080
1697463705045600 6 0 1 5 6 6 0 0 0 0 0 0 0 23 23 0 200 200 177 0 0 0 281438 72268 0 9292 118521 39898 294823693 336498 2101 3756840675 3756840675 0 414200 0 1.000000 70 70 28000 91560 12654 12330 60 24000 78483 23 9200 30084 10 4000 13081 10 4000 13080
1697463705068836 6 0 1 5 6 6 0 0 0 0 0 0 0 22 22 0 200 200 178 0 0 0 281438 72668 0 9341 118569 39922 294846297 336622 2101 3777177807 3777177807 0 414200 0 1.000000 109 109 43600 142572 9019 12008 60 24000 78483 22 8800 28776 10 4000 13081 10 4000 13080
1697463705091387 6 0 1 5 6 6 0 0 0 0 0 0 0 20 20 0 200 200 180 0 0 0 281438 73487 0 9475 118638 39947 294867798 336713 2101 3819355440 3819355440 0 414200 0 1.000000 12176 12176 4870400 15926208 13003 12056 60 24000 78483 20 8000 26160 10 4000 13081 10 4000 13080
1697463705314144 6 0 1 5 6 6 0 0 0 0 0 0 0 19 19 0 200 200 181 0 0 0 281440 73824 0 9527 118683 40030 295089833 336929 2101 3841345006 3841345006 0 414200 0 1.000000 12059 12059 4823600 15773172 8920 11751 60 24000 78483 19 7600 24852 10 4000 13081 10 4000 13080
1697463705973840 6 0 1 5 6 6 0 0 0 0 0 0 0 18 18 0 200 200 182 0 0 0 281440 74241 0 9583 118772 40055 295748864 337017 2101 3864477580 3864477580 0 414200 0 1.000000 12065 12065 4826000 15781020 13027 11876 60 24000 78483 18 7200 23544 10 4000 13081 10 4000 13080
1697463706657679 6 0 2 4 6 6 0 0 0 0 0 0 0 16 16 0 200 200 184 0 0 0 281440 74960 0 9671 627102 40078 295923520 337094 2101 3907575126 3907575126 0 414200 0 1.000000 7502 7502 3000800 9812616 415 11466 60 24000 78483 16 6400 20928 10 4000 13081 10 4000 13080
1697463706658721 6 0 2 4 6 6 0 0 0 0 0 0 0 13 13 0 200 200 187 0 0 0 281440 75713 0 9800 627128 40134 295923523 337264 2101 3970576676 3970576676 0 414200 0 1.000000 990 990 396000 1294920 58 9367 60 24000 78483 13 5200 17004 10 4000 13081 10 4000 13080
1697463706704102 6 0 2 4 6 6 0 0 0 0 0 0 0 12 12 0 200 200 188 0 0 0 281441 76031 0 9845 627168 40219 295968226 337465 2101 3992523020 3992523020 0 414200 0 1.000000 670 670 268000 876360 42 8459 60 24000 78483 12 4800 15696 10 4000 13081 10 4000 13080
1697463707101475 6 0 2 4 6 6 0 0 0 0 0 0 0 11 11 0 200 200 189 0 0 0 281441 76670 0 9920 627258 40258 296364668 337582 2101 4015322282 4015322282 0 414200 0 1.000000 671 671 268400 877668 13301 8932 60 24000 78483 11 4400 14388 10 4000 13081 10 4000 13080
1697463707536588 6 0 3 3 6 6 0 0 0 0 0 0 0 10 10 0 200 200 190 0 0 0 281441 77165 0 9972 627358 40282 296799022 337686 2101 4037014716 4037014716 0 414200 0 1.000000 672 672 268800 878976 11243 9158 60 24000 78483 10 4000 13080 10 4000 13081 10 4000 13080
1697463711929004 6 0 3 3 6 6 0 0 0 0 0 0 0 9 9 0 200 200 191 0 0 0 281450 77759 0 10035 627507 46592 301184221 337782 2101 4056949475 4056949475 0 414200 0 1.000000 672 672 268800 878976 12776 9675 60 24000 78483 9 3600 11772 10 4000 13081 10 4000 13080
1697463711981370 6 0 3 3 6 6 0 0 0 0 0 0 0 8 8 0 200 200 192 0 0 0 281450 78163 0 10104 627601 46618 301235743 338056 2101 4077180328 4077180328 0 414200 0 1.000000 672 672 268800 878976 10627 9769 60 24000 78483 8 3200 10464 10 4000 13081 10 4000 13080
1697463712161430 6 0 3 3 6 6 0 0 0 0 0 0 0 7 7 0 200 200 193 0 0 0 281452 78685 0 10155 627705 46653 301414975 338184 2101 4096721230 4096721230 0 414200 0 1.000000 671 671 268400 877668 11804 9968 60 24000 78483 7 2800 9156 10 4000 13081 10 4000 13080
1697463712332107 6 0 3 3 6 6 0 0 0 0 0 0 0 6 6 0 200 200 194 0 0 0 281452 79062 0 10202 627795 46679 301585049 338258 2101 4117206844 4117206844 0 414200 0 1.000000 670 670 268000 876360 11047 10074 60 24000 78483 6 2400 7848 10 4000 13081 10 4000 13080
1697463713166115 6 0 3 3 6 6 0 0 0 0 0 0 0 5 5 0 200 200 195 0 0 0 281452 79417 0 10252 627843 46703 302418493 338357 2101 4136524061 4136524061 0 414200 0 1.000000 669 669 267600 875052 13007 10361 60 24000 78483 5 2000 6540 10 4000 13081 10 4000 13080
1697463713445207 6 0 3 3 6 6 0 0 0 0 0 0 0 4 4 0 200 200 196 0 0 0 281452 79843 0 10313 627935 46727 302696870 338457 2101 4157364755 4157364755 0 414200 0 1.000000 668 668 267200 873744 13106 10630 60 24000 78483 4 1600 5232 10 4000 13081 10 4000 13080
1697463713658325 6 0 3 3 6 6 0 0 0 0 0 0 0 3 3 0 200 200 197 0 0 0 281452 80332 0 10365 627983 46755 302909282 338560 2101 4177189494 4177189494 0 414200 0 1.000000 668 668 267200 873744 11566 10722 60 24000 78483 3 1200 3924 10 4000 13081 10 4000 13080
1697463713792437 6 0 4 2 6 6 0 0 0 0 0 0 0 2 2 0 200 200 198 0 0 0 281452 80824 0 10415 628074 46781 303042637 338673 2101 4198202434 4198202434 0 414200 0 1.000000 667 667 266800 872436 11348 10784 60 24000 78483 2 800 2616 10 4000 13081 10 4000 13080
1697463714608141 6 0 5 1 6 6 0 0 0 0 0 0 0 1 1 0 200 200 199 0 0 0 281452 81265 0 10467 628128 46813 303857662 338788 2101 4218037034 4218037034 0 414200 0 1.000000 667 667 266800 872436 12493 10952 60 24000 78483 1 400 1308 10 4000 13081 10 4000 13080
1697463715036912 6 0 6 0 6 6 0 0 0 0 0 0 0 0 0 0 200 200 200 0 0 0 281452 81791 0 10535 628222 46848 304285609 338908 2101 4238037653 4238037653 0 414200 0 1.000000 664 664 265600 868512 11566 11013 60 24000 78483 0 0 0 10 4000 13081 10 4000 13080
1697463715043637 0 0 0 0 0 6 6 6 0 0 0 0 0 0 0 0 200 200 200 0 0 0 281452 81791 0 10535 628222 46848 304285609 338908 2101 4238037653 4238037653 0 414200 0 1.000000 664 664 265600 868512 8913 10908 0 0 0 0 0 0 0 0 0 0 0 0
