# timestamp workers_connected workers_init workers_idle workers_busy workers_able workers_joined workers_removed workers_released workers_idled_out workers_blocked workers_slow workers_lost tasks_waiting tasks_on_workers tasks_running tasks_with_results tasks_submitted tasks_dispatched tasks_done tasks_failed tasks_cancelled tasks_exhausted_attempts time_send time_receive time_send_good time_receive_good time_status_msgs time_internal time_polling time_application time_scheduling time_execute time_execute_good time_execute_exhaustion bytes_sent bytes_received bandwidth capacity_tasks capacity_cores capacity_memory capacity_disk capacity_instantaneous capacity_weighted total_cores total_memory total_disk committed_cores committed_memory committed_disk max_cores max_memory max_disk min_cores min_memory min_disk
1697214932194669 0 0 0 0 0 0 0 0 0 0 0 0 0 0 0 0 0 0 0 0 0 0 0 0 0 0 0 0 0 0 0 0 0 0 0 0 1.000000 0 0 0 0 0 0 0 0 0 0 0 0 0 0 0 0 0 0
1697214932196567 0 0 0 0 0 0 0 0 0 0 0 0 0 0 0 0 0 0 0 0 0 0 0 0 0 0 0 0 0 0 0 0 0 0 0 0 1.000000 10 10 5120 10240 10 10 0 0 0 0 0 0 0 0 0 0 0 0
1697219325313659 1 0 0 1 1 1 0 0 0 0 0 0 99 1 1 0 100 0 0 0 0 0 415375 17523 0 0 2254 869507 4391478624 323240 23 0 0 0 2071 0 1.000000 10 10 5120 10240 10 10 36 4096 8704 0 0 0 36 4096 8704 36 4096 8704
1697219328926354 5 0 4 1 5 5 0 0 0 0 0 0 64 36 36 0 100 36 0 0 0 0 434934 17556 0 0 606890 869645 4394467874 323240 2576 0 0 0 74556 0 1.000000 10 10 5120 10240 10 10 180 20480 44505 36 4068 8676 36 4096 8953 36 4096 8704
1697219333130558 5 0 2 3 5 5 0 0 0 0 0 0 0 100 100 0 100 100 0 0 0 0 462785 17632 0 0 608284 869794 4398642489 323261 3179 0 0 0 207100 0 1.000000 10 10 5120 10240 10 10 180 20480 44505 100 11300 24548 36 4096 8953 36 4096 8704
1697219344169355 5 0 2 3 5 5 0 0 0 0 0 0 0 100 99 1 100 100 0 0 0 0 462807 17692 0 0 609111 869890 4409679824 323370 3179 11688211 0 0 207100 0 1.000000 10 10 5120 10240 10 10 180 20480 44505 100 11300 24548 36 4096 8953 36 4096 8704
1697219344169871 5 0 2 3 5 5 0 0 0 0 0 0 0 99 99 0 100 100 1 0 0 0 462807 18403 0 44 609111 869932 4409679824 323370 3179 11688211 11688211 0 207100 0 1.000000 10 10 5120 10240 10 10 180 20480 44505 99 11187 24307 36 4096 8953 36 4096 8704
1697219344604524 5 0 2 3 5 5 0 0 0 0 0 0 0 96 96 0 100 100 4 0 0 0 462808 44136 0 613 656966 870013 4410039976 324123 3179 47880763 47880763 0 207100 0 1.000000 10 10 1130 2410 2 10 180 20480 44505 96 10848 23584 36 4096 8953 36 4096 8704
1697219344728736 5 0 2 3 5 5 0 0 0 0 0 0 0 93 93 0 100 100 7 0 0 0 462808 46225 0 1011 657049 991660 4410039980 324409 3179 84392245 84392245 0 207100 0 1.000000 10 10 1130 2410 2 10 180 20480 44505 93 10509 22861 36 4096 8953 36 4096 8704
1697219344855137 5 0 2 3 5 5 0 0 0 0 0 0 0 89 89 0 100 100 11 0 0 0 462809 48860 0 1524 752386 991957 4410067758 324658 3179 133699858 133699858 0 207100 0 1.000000 10 10 1130 2410 2 10 180 20480 44505 89 10057 21897 36 4096 8953 36 4096 8704
1697219344870088 5 0 2 3 5 5 0 0 0 0 0 0 0 88 88 0 100 100 12 0 0 0 462810 49853 0 1718 752528 992358 4410080696 325006 3179 146081257 146081257 0 207100 0 1.000000 10 10 1130 2410 2 10 180 20480 44505 88 9944 21656 36 4096 8953 36 4096 8704
1697219344872655 5 0 2 3 5 5 0 0 0 0 0 0 0 87 87 0 100 100 13 0 0 0 462811 50579 0 1819 752609 992476 4410082102 325105 3179 158480887 158480887 0 207100 0 1.000000 10 10 1130 2410 2 10 180 20480 44505 87 9831 21415 36 4096 8953 36 4096 8704
1697219344921168 5 0 2 3 5 5 0 0 0 0 0 0 0 86 86 0 100 100 14 0 0 0 462812 51053 0 1868 752696 992514 4410129874 325160 3179 170921769 170921769 0 207100 0 1.000000 10 10 1130 2410 2 10 180 20480 44505 86 9718 21174 36 4096 8953 36 4096 8704
1697219344943353 5 0 2 3 5 5 0 0 0 0 0 0 0 85 85 0 100 100 15 0 0 0 462812 51354 0 1907 752738 992541 4410151550 325250 3179 183395148 183395148 0 207100 0 1.000000 10 10 1130 2410 2 10 180 20480 44505 85 9605 20933 36 4096 8953 36 4096 8704
1697219344954286 5 0 2 3 5 5 0 0 0 0 0 0 0 84 84 0 100 100 16 0 0 0 462812 51650 0 1951 752780 992564 4410162033 325306 3179 195862654 195862654 0 207100 0 1.000000 10 10 1130 2410 2 10 180 20480 44505 84 9492 20692 36 4096 8953 36 4096 8704
1697219345098181 5 0 2 3 5 5 0 0 0 0 0 0 0 83 83 0 100 100 17 0 0 0 462812 52001 0 2003 752843 992587 4410305368 325372 3179 208490046 208490046 0 207100 0 1.000000 10 10 1130 2410 2 10 180 20480 44505 83 9379 20451 36 4096 8953 36 4096 8704
1697219345110953 5 0 2 3 5 5 0 0 0 0 0 0 0 82 82 0 100 100 18 0 0 0 462812 52311 0 2048 752881 992610 4410317370 325738 3179 221125490 221125490 0 207100 0 1.000000 10 10 1130 2410 2 10 180 20480 44505 82 9266 20210 36 4096 8953 36 4096 8704
1697219345146283 5 0 2 3 5 5 0 0 0 0 0 0 0 81 81 0 100 100 19 0 0 0 462812 52618 0 2100 752921 992641 4410352191 325826 3179 233793163 233793163 0 207100 0 1.000000 10 10 1130 2410 2 10 180 20480 44505 81 9153 19969 36 4096 8953 36 4096 8704
1697219345149764 5 0 2 3 5 5 0 0 0 0 0 0 0 80 80 0 100 100 20 0 0 0 462813 52895 0 2141 752958 992673 4410355226 325889 3179 246459610 246459610 0 207100 0 1.000000 10 10 1130 2410 2 10 180 20480 44505 80 9040 19728 36 4096 8953 36 4096 8704
1697219345167345 5 0 2 3 5 5 0 0 0 0 0 0 0 79 79 0 100 100 21 0 0 0 462814 53199 0 2179 753000 992697 4410372299 325997 3179 259143036 259143036 0 207100 0 1.000000 10 10 1130 2410 2 10 180 20480 44505 79 8927 19487 36 4096 8953 36 4096 8704
1697219345168916 5 0 2 3 5 5 0 0 0 0 0 0 0 78 78 0 100 100 22 0 0 0 462815 53584 0 2236 753080 992724 4410373290 326052 3179 271837961 271837961 0 207100 0 1.000000 10 10 1130 2410 2 10 180 20480 44505 78 8814 19246 36 4096 8953 36 4096 8704
1697219345178765 5 0 2 3 5 5 0 0 0 0 0 0 0 76 76 0 100 100 24 0 0 0 462816 54071 0 2319 753125 992767 4410382358 326213 3179 297241384 297241384 0 207100 0 1.000000 10 10 1130 2410 2 10 180 20480 44505 76 8588 18764 36 4096 8953 36 4096 8704
1697219345241345 5 0 2 3 5 5 0 0 0 0 0 0 0 75 75 0 100 100 25 0 0 0 462816 54419 0 2362 753202 992858 4410444142 326458 3179 310015511 310015511 0 207100 0 1.000000 10 10 1130 2410 2 10 180 20480 44505 75 8475 18523 36 4096 8953 36 4096 8704
1697219345281305 5 0 2 3 5 5 0 0 0 0 0 0 0 74 74 0 100 100 26 0 0 0 462817 54745 0 2404 753260 992894 4410483374 326728 3179 322822185 322822185 0 207100 0 1.000000 10 10 1130 2410 2 10 180 20480 44505 74 8362 18282 36 4096 8953 36 4096 8704
1697219345285345 5 0 2 3 5 5 0 0 0 0 0 0 0 73 73 0 100 100 27 0 0 0 462817 55324 0 2465 753403 992932 4410486523 326815 3179 335626392 335626392 0 207100 0 1.000000 10 10 1130 2410 2 10 180 20480 44505 73 8249 18041 36 4096 8953 36 4096 8704
1697219345296128 5 0 2 3 5 5 0 0 0 0 0 0 0 72 72 0 100 100 28 0 0 0 462818 55655 0 2508 753468 992958 4410496703 326957 3179 348440820 348440820 0 207100 0 1.000000 10 10 1130 2410 2 10 180 20480 44505 72 8136 17800 36 4096 8953 36 4096 8704
1697219345407048 5 0 2 3 5 5 0 0 0 0 0 0 0 71 71 0 100 100 29 0 0 0 462819 56037 0 2552 753554 992993 4410606963 327063 3179 361378273 361378273 0 207100 0 1.000000 10 10 1130 2410 2 10 180 20480 44505 71 8023 17559 36 4096 8953 36 4096 8704
1697219345666407 5 0 2 3 5 5 0 0 0 0 0 0 0 70 70 0 100 100 30 0 0 0 462820 56446 0 2594 753675 993030 4410865580 327199 3179 374567507 374567507 0 207100 0 1.000000 10 10 1130 2410 2 10 180 20480 44505 70 7910 17318 36 4096 8953 36 4096 8704
1697219345774481 5 0 2 3 5 5 0 0 0 0 0 0 0 69 69 0 100 100 31 0 0 0 462821 56809 0 2638 753786 993077 4410972910 327383 3179 387873533 387873533 0 207100 0 1.000000 10 10 1130 2410 2 10 180 20480 44505 69 7797 17077 36 4096 8953 36 4096 8704
1697219345779707 5 0 2 3 5 5 0 0 0 0 0 0 0 68 68 0 100 100 32 0 0 0 462821 57135 0 2679 753853 993101 4410977388 327676 3179 401166984 401166984 0 207100 0 1.000000 10 10 1130 2410 2 10 180 20480 44505 68 7684 16836 36 4096 8953 36 4096 8704
1697219345813845 5 0 2 3 5 5 0 0 0 0 0 0 0 67 67 0 100 100 33 0 0 0 462821 58006 0 2723 753919 993133 4411010443 327739 3179 414498057 414498057 0 207100 0 1.000000 10 10 1130 2410 2 10 180 20480 44505 67 7571 16595 36 4096 8953 36 4096 8704
1697219345886755 5 0 2 3 5 5 0 0 0 0 0 0 0 66 66 0 100 100 34 0 0 0 462822 58380 0 2766 753998 993168 4411082672 327872 3179 427899073 427899073 0 207100 0 1.000000 10 10 1130 2410 2 10 180 20480 44505 66 7458 16354 36 4096 8953 36 4096 8704
1697219346193441 5 0 2 3 5 5 0 0 0 0 0 0 0 65 65 0 100 100 35 0 0 0 462823 58769 0 2809 754084 993195 4411388649 328029 3179 441607922 441607922 0 207100 0 1.000000 10 10 1130 2410 2 10 180 20480 44505 65 7345 16113 36 4096 8953 36 4096 8704
1697219346880781 5 0 3 2 5 5 0 0 0 0 0 0 0 64 64 0 100 100 36 0 0 0 462826 59214 0 2855 754204 993248 4412075032 328318 3179 456020748 456020748 0 207100 0 1.000000 10 10 1130 2410 2 10 180 20480 44505 64 7232 15872 36 4096 8953 36 4096 8704
1697219349632408 5 0 3 2 5 5 0 0 0 0 0 0 0 63 63 0 100 100 37 0 0 0 462832 59621 0 2904 754317 993292 4414825890 328472 3179 471716376 471716376 0 207100 0 1.000000 10 10 1130 2410 3 10 180 20480 44505 63 7119 15624 36 4096 8953 36 4096 8704
1697219349987949 5 0 3 2 5 5 0 0 0 0 0 0 0 62 62 0 100 100 38 0 0 0 462833 60121 0 2952 754417 993319 4415180603 328631 3179 487763569 487763569 0 207100 0 1.000000 10 10 1130 2412 4 10 180 20480 44505 62 7006 15376 36 4096 8953 36 4096 8704
1697219350081009 5 0 3 2 5 5 0 0 0 0 0 0 0 61 61 0 100 100 39 0 0 0 462834 60623 0 3008 754523 993345 4415272850 328767 3179 503911246 503911246 0 207100 0 1.000000 10 10 1130 2414 4 10 180 20480 44505 61 6893 15128 36 4096 8953 36 4096 8704
1697219350134121 5 0 3 2 5 5 0 0 0 0 0 0 0 60 60 0 100 100 40 0 0 0 462835 61192 0 3053 754603 993372 4415325129 328884 3179 520103628 520103628 0 207100 0 1.000000 10 10 1130 2416 4 10 180 20480 44505 60 6780 14880 36 4096 8953 36 4096 8704
1697219350168860 5 0 3 2 5 5 0 0 0 0 0 0 0 59 59 0 100 100 41 0 0 0 462837 61567 0 3096 754662 993398 4415359180 329071 3179 536332962 536332962 0 207100 0 1.000000 10 10 1130 2417 4 10 180 20480 44505 59 6667 14632 36 4096 8953 36 4096 8704
1697219350205098 5 0 3 2 5 5 0 0 0 0 0 0 0 58 58 0 100 100 42 0 0 0 462837 62063 0 3144 754748 993426 4415394654 329187 3179 552592703 552592703 0 207100 0 1.000000 10 10 1130 2419 4 10 180 20480 44505 58 6554 14384 36 4096 8953 36 4096 8704
1697219350433314 5 0 3 2 5 5 0 0 0 0 0 0 0 57 57 0 100 100 43 0 0 0 462838 62447 0 3188 754821 993453 4415622209 329323 3179 569083472 569083472 0 207100 0 1.000000 10 10 1130 2420 4 10 180 20480 44505 57 6441 14136 36 4096 8953 36 4096 8704
1697219350468449 5 0 3 2 5 5 0 0 0 0 0 0 0 56 56 0 100 100 44 0 0 0 462839 62828 0 3235 754913 993482 4415656602 329522 3179 585607232 585607232 0 207100 0 1.000000 10 10 1130 2422 4 10 180 20480 44505 56 6328 13888 36 4096 8953 36 4096 8704
1697219350473552 5 0 3 2 5 5 0 0 0 0 0 0 0 55 55 0 100 100 45 0 0 0 462840 63192 0 3286 754959 993516 4415661100 329638 3179 602142254 602142254 0 207100 0 1.000000 10 10 1130 2423 4 10 180 20480 44505 55 6215 13640 36 4096 8953 36 4096 8704
1697219350533470 5 0 3 2 5 5 0 0 0 0 0 0 0 54 54 0 100 100 46 0 0 0 462840 63646 0 3331 755038 993542 4415720306 329741 3179 618738526 618738526 0 207100 0 1.000000 10 10 1130 2424 4 10 180 20480 44505 54 6102 13392 36 4096 8953 36 4096 8704
1697219350606106 5 0 3 2 5 5 0 0 0 0 0 0 0 53 53 0 100 100 47 0 0 0 462840 64127 0 3376 755121 993598 4415792164 329856 3179 635412217 635412217 0 207100 0 1.000000 10 10 1130 2426 4 10 180 20480 44505 53 5989 13144 36 4096 8953 36 4096 8704
1697219350675248 5 0 3 2 5 5 0 0 0 0 0 0 0 52 52 0 100 100 48 0 0 0 462841 64489 0 3421 755206 993624 4415860604 330035 3179 652155671 652155671 0 207100 0 1.000000 10 10 1130 2427 4 10 180 20480 44505 52 5876 12896 36 4096 8953 36 4096 8704
1697219350813336 5 0 3 2 5 5 0 0 0 0 0 0 0 51 51 0 100 100 49 0 0 0 462842 64972 0 3466 755317 993650 4415997853 330214 3179 669036148 669036148 0 207100 0 1.000000 10 10 1130 2428 4 10 180 20480 44505 51 5763 12648 36 4096 8953 36 4096 8704
1697219350836012 5 0 3 2 5 5 0 0 0 0 0 0 0 50 50 0 100 100 50 0 0 0 462843 65298 0 3509 755371 993675 4416019933 330367 3179 685932177 685932177 0 207100 0 1.000000 10 10 1130 2429 4 10 180 20480 44505 50 5650 12400 36 4096 8953 36 4096 8704
1697219350919674 5 0 3 2 5 5 0 0 0 0 0 0 0 49 49 0 100 100 51 0 0 0 462844 65709 0 3555 755485 993703 4416102912 330461 3179 702916704 702916704 0 207100 0 1.000000 10 10 1130 2430 4 10 180 20480 44505 49 5537 12152 36 4096 8953 36 4096 8704
1697219351098978 5 0 3 2 5 5 0 0 0 0 0 0 0 48 48 0 100 100 52 0 0 0 462845 66115 0 3603 755585 993731 4416281482 330608 3179 720081982 720081982 0 207100 0 1.000000 10 10 1130 2432 4 10 180 20480 44505 48 5424 11904 36 4096 8953 36 4096 8704
1697219351103886 5 0 3 2 5 5 0 0 0 0 0 0 0 47 47 0 100 100 53 0 0 0 462846 66430 0 3660 755626 993757 4416285795 330778 3179 737249841 737249841 0 207100 0 1.000000 10 10 1130 2433 4 10 180 20480 44505 47 5311 11656 36 4096 8953 36 4096 8704
1697219351130615 5 0 3 2 5 5 0 0 0 0 0 0 0 46 46 0 100 100 54 0 0 0 462847 66791 0 3704 755672 993781 4416311997 330840 3179 754439439 754439439 0 207100 0 1.000000 10 10 1130 2435 4 10 180 20480 44505 46 5198 11408 36 4096 8953 36 4096 8704
1697219351209643 5 0 3 2 5 5 0 0 0 0 0 0 0 45 45 0 100 100 55 0 0 0 462847 67144 0 3750 755760 993806 4416390445 330919 3179 771705476 771705476 0 207100 0 1.000000 10 10 1130 2436 4 10 180 20480 44505 45 5085 11160 36 4096 8953 36 4096 8704
1697219351233955 5 0 3 2 5 5 0 0 0 0 0 0 0 44 44 0 100 100 56 0 0 0 462848 67496 0 3797 755824 993832 4416414117 331079 3179 788996371 788996371 0 207100 0 1.000000 10 10 1130 2438 4 10 180 20480 44505 44 4972 10912 36 4096 8953 36 4096 8704
1697219351286070 5 0 3 2 5 5 0 0 0 0 0 0 0 43 43 0 100 100 57 0 0 0 462850 67943 0 3843 755905 993867 4416465513 331195 3179 806344760 806344760 0 207100 0 1.000000 10 10 1130 2439 4 10 180 20480 44505 43 4859 10664 36 4096 8953 36 4096 8704
1697219351371344 5 0 3 2 5 5 0 0 0 0 0 0 0 42 42 0 100 100 58 0 0 0 462852 68429 0 3888 756016 993893 4416549980 331330 3179 823781364 823781364 0 207100 0 1.000000 10 10 1130 2440 4 10 180 20480 44505 42 4746 10416 36 4096 8953 36 4096 8704
1697219351394666 5 0 3 2 5 5 0 0 0 0 0 0 0 41 41 0 100 100 59 0 0 0 462854 68971 0 3968 756094 993949 4416572443 331459 3179 841240251 841240251 0 207100 0 1.000000 10 10 1130 2442 4 10 180 20480 44505 41 4633 10168 36 4096 8953 36 4096 8704
1697219351439207 5 0 3 2 5 5 0 0 0 0 0 0 0 40 40 0 100 100 60 0 0 0 462855 69355 0 4009 756134 993973 4416616307 331622 3179 858741368 858741368 0 207100 0 1.000000 10 10 1130 2443 4 10 180 20480 44505 40 4520 9920 36 4096 8953 36 4096 8704
1697219351617871 5 0 3 2 5 5 0 0 0 0 0 0 0 39 39 0 100 100 61 0 0 0 462855 69827 0 4055 756226 993999 4416794260 331706 3179 876417079 876417079 0 207100 0 1.000000 10 10 1130 2445 4 10 180 20480 44505 39 4407 9672 36 4096 8953 36 4096 8704
1697219351712695 5 0 3 2 5 5 0 0 0 0 0 0 0 38 38 0 100 100 62 0 0 0 462857 70306 0 4101 756332 994030 4416888197 331935 3179 894195551 894195551 0 207100 0 1.000000 10 10 1130 2446 4 10 180 20480 44505 38 4294 9424 36 4096 8953 36 4096 8704
1697219351736185 5 0 3 2 5 5 0 0 0 0 0 0 0 37 37 0 100 100 63 0 0 0 462858 71102 0 4149 756429 994058 4416910565 332098 3179 911884703 911884703 0 207100 0 1.000000 10 10 1130 2448 4 10 180 20480 44505 37 4181 9176 36 4096 8953 36 4096 8704
1697219351752184 5 0 3 2 5 5 0 0 0 0 0 0 0 36 36 0 100 100 64 0 0 0 462859 72620 0 4197 756518 994094 4416924744 332234 3179 929589725 929589725 0 207100 0 1.000000 10 10 1130 2449 4 10 180 20480 44505 36 4068 8928 36 4096 8953 36 4096 8704
1697219351785924 5 0 3 2 5 5 0 0 0 0 0 0 0 35 35 0 100 100 65 0 0 0 462860 73000 0 4257 756605 994123 4416957686 332495 3179 947338427 947338427 0 207100 0 1.000000 10 10 1130 2450 4 10 180 20480 44505 35 3955 8680 36 4096 8953 36 4096 8704
1697219351815066 5 0 3 2 5 5 0 0 0 0 0 0 0 34 34 0 100 100 66 0 0 0 462861 73367 0 4303 756704 994149 4416986152 332638 3179 965117244 965117244 0 207100 0 1.000000 10 10 1130 2452 4 10 180 20480 44505 34 3842 8432 36 4096 8953 36 4096 8704
1697219351919216 5 0 3 2 5 5 0 0 0 0 0 0 0 33 33 0 100 100 67 0 0 0 462862 73722 0 4347 756785 994175 4417089634 332803 3179 982995778 982995778 0 207100 0 1.000000 10 10 1130 2453 4 10 180 20480 44505 33 3729 8184 36 4096 8953 36 4096 8704
1697219351931198 5 0 3 2 5 5 0 0 0 0 0 0 0 32 32 0 100 100 68 0 0 0 462863 74338 0 4396 756873 994222 4417100654 332974 3179 1000879622 1000879622 0 207100 0 1.000000 10 10 1130 2455 4 10 180 20480 44505 32 3616 7936 36 4096 8953 36 4096 8704
1697219352017268 5 0 3 2 5 5 0 0 0 0 0 0 0 31 31 0 100 100 69 0 0 0 462863 74701 0 4439 756950 994248 4417185848 333337 3179 1018853058 1018853058 0 207100 0 1.000000 10 10 1130 2456 4 10 180 20480 44505 31 3503 7688 36 4096 8953 36 4096 8704
1697219352064189 5 0 3 2 5 5 0 0 0 0 0 0 0 30 30 0 100 100 70 0 0 0 462863 75010 0 4485 756993 994272 4417232290 333391 3179 1036886865 1036886865 0 207100 0 1.000000 10 10 1130 2458 4 10 180 20480 44505 30 3390 7440 36 4096 8953 36 4096 8704
1697219352095981 5 0 3 2 5 5 0 0 0 0 0 0 0 29 29 0 100 100 71 0 0 0 462863 75323 0 4528 757034 994296 4417263603 333456 3179 1054940643 1054940643 0 207100 0 1.000000 10 10 1130 2459 4 10 180 20480 44505 29 3277 7192 36 4096 8953 36 4096 8704
1697219352179498 5 0 3 2 5 5 0 0 0 0 0 0 0 28 28 0 100 100 72 0 0 0 462863 75620 0 4572 757081 994319 4417346657 333518 3179 1073085478 1073085478 0 207100 0 1.000000 10 10 1130 2460 4 10 180 20480 44505 28 3164 6944 36 4096 8953 36 4096 8704
1697219352184432 5 0 3 2 5 5 0 0 0 0 0 0 0 27 27 0 100 100 73 0 0 0 462863 75922 0 4616 757122 994347 4417351095 333609 3179 1091231830 1091231830 0 207100 0 1.000000 10 10 1130 2462 4 10 180 20480 44505 27 3051 6696 36 4096 8953 36 4096 8704
1697219352246847 5 0 3 2 5 5 0 0 0 0 0 0 0 26 26 0 100 100 74 0 0 0 462863 76286 0 4710 757180 994371 4417412922 333717 3179 1109440012 1109440012 0 207100 0 1.000000 10 10 1130 2463 4 10 180 20480 44505 26 2938 6448 36 4096 8953 36 4096 8704
1697219352255347 5 0 3 2 5 5 0 0 0 0 0 0 0 25 25 0 100 100 75 0 0 0 462863 76719 0 4768 757229 994410 4417420725 333850 3179 1127650968 1127650968 0 207100 0 1.000000 10 10 1130 2465 4 10 180 20480 44505 25 2825 6200 36 4096 8953 36 4096 8704
1697219352256990 5 0 3 2 5 5 0 0 0 0 0 0 0 24 24 0 100 100 76 0 0 0 462863 77119 0 4834 757279 994449 4417421771 333913 3179 1145874164 1145874164 0 207100 0 1.000000 10 10 1130 2466 4 10 180 20480 44505 24 2712 5952 36 4096 8953 36 4096 8704
1697219352401333 5 0 3 2 5 5 0 0 0 0 0 0 0 23 23 0 100 100 77 0 0 0 462863 77774 0 4916 757385 994517 4417565161 333975 3179 1164232333 1164232333 0 207100 0 1.000000 10 10 1130 2468 4 10 180 20480 44505 23 2599 5704 36 4096 8953 36 4096 8704
1697219352491657 5 0 3 2 5 5 0 0 0 0 0 0 0 22 22 0 100 100 78 0 0 0 462864 78119 0 4959 757445 994542 4417654875 334076 3179 1182684335 1182684335 0 207100 0 1.000000 10 10 1130 2469 4 10 180 20480 44505 22 2486 5456 36 4096 8953 36 4096 8704
1697219352571653 5 0 3 2 5 5 0 0 0 0 0 0 0 21 21 0 100 100 79 0 0 0 462865 78582 0 5003 757510 994567 4417734196 334158 3179 1201311734 1201311734 0 207100 0 1.000000 10 10 1130 2470 4 10 180 20480 44505 21 2373 5208 36 4096 8953 36 4096 8704
1697219352593817 5 0 3 2 5 5 0 0 0 0 0 0 0 20 20 0 100 100 80 0 0 0 462866 79004 0 5058 757559 994595 4417755700 334281 3179 1219873249 1219873249 0 207100 0 1.000000 10 10 1130 2472 5 10 180 20480 44505 20 2260 4960 36 4096 8953 36 4096 8704
1697219352601677 5 0 3 2 5 5 0 0 0 0 0 0 0 19 19 0 100 100 81 0 0 0 462866 79272 0 5098 757597 994618 4417763118 334361 3179 1238439364 1238439364 0 207100 0 1.000000 10 10 1130 2473 4 10 180 20480 44505 19 2147 4712 36 4096 8953 36 4096 8704
1697219352630052 5 0 3 2 5 5 0 0 0 0 0 0 0 18 18 0 100 100 82 0 0 0 462866 79666 0 5140 757640 994642 4417790899 334442 3179 1257039526 1257039526 0 207100 0 1.000000 10 10 1130 2475 4 10 180 20480 44505 18 2034 4464 36 4096 8953 36 4096 8704
1697219352658573 5 0 3 2 5 5 0 0 0 0 0 0 0 17 17 0 100 100 83 0 0 0 462866 80189 0 5194 757710 994673 4417818711 334491 3179 1275653040 1275653040 0 207100 0 1.000000 10 10 1130 2476 4 10 180 20480 44505 17 1921 4216 36 4096 8953 36 4096 8704
1697219352731966 5 0 3 2 5 5 0 0 0 0 0 0 0 16 16 0 100 100 84 0 0 0 462866 80579 0 5242 757805 994700 4417891429 334613 3179 1294347281 1294347281 0 207100 0 1.000000 10 10 1130 2478 4 10 180 20480 44505 16 1808 3968 36 4096 8953 36 4096 8704
1697219352746431 5 0 3 2 5 5 0 0 0 0 0 0 0 15 15 0 100 100 85 0 0 0 462867 80933 0 5287 757871 994726 4417905281 334739 3179 1313048319 1313048319 0 207100 0 1.000000 10 10 1130 2479 4 10 180 20480 44505 15 1695 3720 36 4096 8953 36 4096 8704
1697219352780183 5 0 3 2 5 5 0 0 0 0 0 0 0 14 14 0 100 100 86 0 0 0 462868 81396 0 5340 757969 994754 4417938200 334935 3179 1331797013 1331797013 0 207100 0 1.000000 10 10 1130 2480 4 10 180 20480 44505 14 1582 3472 36 4096 8953 36 4096 8704
1697219352796787 5 0 3 2 5 5 0 0 0 0 0 0 0 13 13 0 100 100 87 0 0 0 462869 81781 0 5384 758062 994785 4417954144 335043 3179 1350554572 1350554572 0 207100 0 1.000000 10 10 1130 2480 4 10 180 20480 44505 13 1469 3224 36 4096 8953 36 4096 8704
1697219352828803 5 0 3 2 5 5 0 0 0 0 0 0 0 12 12 0 100 100 88 0 0 0 462870 82130 0 5428 758154 994813 4417985535 335158 3179 1369340076 1369340076 0 207100 0 1.000000 10 10 1130 2480 4 10 180 20480 44505 12 1356 2976 36 4096 8953 36 4096 8704
1697219352899372 5 0 3 2 5 5 0 0 0 0 0 0 0 11 11 0 100 100 89 0 0 0 462872 82525 0 5475 758267 994839 4418055385 335299 3179 1388202687 1388202687 0 207100 0 1.000000 10 10 1130 2480 4 10 180 20480 44505 11 1243 2728 36 4096 8953 36 4096 8704
1697219353009793 5 0 3 2 5 5 0 0 0 0 0 0 0 10 10 0 100 100 90 0 0 0 462873 82973 0 5525 758365 994899 4418165026 335425 3179 1407164657 1407164657 0 207100 0 1.000000 10 10 1130 2480 4 10 180 20480 44505 10 1130 2480 36 4096 8953 36 4096 8704
1697219353074307 5 0 3 2 5 5 0 0 0 0 0 0 0 9 9 0 100 100 91 0 0 0 462874 83430 0 5573 758464 994932 4418228728 335607 3179 1426203618 1426203618 0 207100 0 1.000000 10 10 1130 2480 4 10 180 20480 44505 9 1017 2232 36 4096 8953 36 4096 8704
1697219353077280 5 0 3 2 5 5 0 0 0 0 0 0 0 8 8 0 100 100 92 0 0 0 462875 83774 0 5626 758510 994964 4418231112 335734 3179 1445240807 1445240807 0 207100 0 1.000000 10 10 1130 2480 5 10 180 20480 44505 8 904 1984 36 4096 8953 36 4096 8704
1697219353077988 5 0 3 2 5 5 0 0 0 0 0 0 0 7 7 0 100 100 93 0 0 0 462876 84080 0 5671 758543 994991 4418231234 335918 3179 1464284662 1464284662 0 207100 0 1.000000 10 10 1130 2480 5 10 180 20480 44505 7 791 1736 36 4096 8953 36 4096 8704
1697219353270285 5 0 3 2 5 5 0 0 0 0 0 0 0 6 6 0 100 100 94 0 0 0 462876 84556 0 5719 758658 995017 4418422807 335980 3179 1483521489 1483521489 0 207100 0 1.000000 10 10 1130 2480 5 10 180 20480 44505 6 678 1488 36 4096 8953 36 4096 8704
1697219353295490 5 0 4 1 5 5 0 0 0 0 0 0 0 5 5 0 100 100 95 0 0 0 462877 85000 0 5772 758725 995052 4418447257 336143 3179 1502877857 1502877857 0 207100 0 1.000000 10 10 1130 2480 5 10 180 20480 44505 5 565 1240 36 4096 8953 36 4096 8704
1697219353335485 5 0 4 1 5 5 0 0 0 0 0 0 0 4 4 0 100 100 96 0 0 0 462878 85498 0 5836 758791 995083 4418486406 336339 3179 1522180463 1522180463 0 207100 0 1.000000 10 10 1130 2480 5 10 180 20480 44505 4 452 992 36 4096 8953 36 4096 8704
1697219353486264 5 0 4 1 5 5 0 0 0 0 0 0 0 3 3 0 100 100 97 0 0 0 462879 85951 0 5882 758910 995111 4418636395 336465 3179 1541634773 1541634773 0 207100 0 1.000000 10 10 1130 2480 5 10 180 20480 44505 3 339 744 36 4096 8953 36 4096 8704
1697219353610656 5 0 4 1 5 5 0 0 0 0 0 0 0 2 2 0 100 100 98 0 0 0 462880 86395 0 5928 758985 995138 4418760010 336657 3179 1561203613 1561203613 0 207100 0 1.000000 10 10 1130 2480 5 10 180 20480 44505 2 226 496 36 4096 8953 36 4096 8704
1697219353947641 5 0 4 1 5 5 0 0 0 0 0 0 0 1 1 0 100 100 99 0 0 0 462881 86869 0 5974 759091 995165 4419096108 336896 3179 1581120198 1581120198 0 207100 0 1.000000 10 10 1130 2480 5 10 180 20480 44505 1 113 248 36 4096 8953 36 4096 8704
1697219354571821 5 0 5 0 5 5 0 0 0 0 0 0 0 0 0 0 100 100 100 0 0 0 462881 87276 0 6021 759202 995198 4419719468 337122 3179 1601650388 1601650388 0 207100 0 1.000000 10 10 1130 2480 5 10 180 20480 44505 0 0 0 36 4096 8953 36 4096 8704
1697219354630697 0 0 0 0 0 5 5 5 0 0 0 0 0 0 0 0 100 100 100 0 0 0 462881 87276 0 6021 759202 995198 4419719468 337122 3179 1601650388 1601650388 0 207100 0 1.000000 10 10 1130 2480 5 10 0 0 0 0 0 0 0 0 0 0 0 0
