# timestamp workers_connected workers_init workers_idle workers_busy workers_able workers_joined workers_removed workers_released workers_idled_out workers_blocked workers_slow workers_lost tasks_waiting tasks_on_workers tasks_running tasks_with_results tasks_submitted tasks_dispatched tasks_done tasks_failed tasks_cancelled tasks_exhausted_attempts time_send time_receive time_send_good time_receive_good time_status_msgs time_internal time_polling time_application time_scheduling time_execute time_execute_good time_execute_exhaustion bytes_sent bytes_received bandwidth capacity_tasks capacity_cores capacity_memory capacity_disk capacity_instantaneous capacity_weighted total_cores total_memory total_disk committed_cores committed_memory committed_disk max_cores max_memory max_disk min_cores min_memory min_disk
1697131793058080 0 0 0 0 0 0 0 0 0 0 0 0 0 0 0 0 0 0 0 0 0 0 0 0 0 0 0 0 0 0 0 0 0 0 0 0 1.000000 0 0 0 0 0 0 0 0 0 0 0 0 0 0 0 0 0 0
1697131793059473 0 0 0 0 0 0 0 0 0 0 0 0 0 0 0 0 0 0 0 0 0 0 0 0 0 0 0 0 0 0 0 0 0 0 0 0 1.000000 10 10 5120 10240 10 10 0 0 0 0 0 0 0 0 0 0 0 0
1697131814554575 1 0 0 1 1 1 0 0 0 0 0 0 99 1 1 0 100 0 0 0 0 0 2080 97 0 0 1479 6550 21153517 324576 16 0 0 0 2071 0 1.000000 10 10 5120 10240 10 10 1 512 13081 0 0 0 1 512 13081 1 512 13081
1697131818275845 20 0 19 1 20 20 0 0 0 0 0 0 99 1 1 0 100 1 0 0 0 0 97392 156 0 0 1416046 6873 23371013 324576 62596 0 0 0 2071 0 1.000000 10 10 5120 10240 10 10 20 10240 137752 1 512 13081 1 512 13085 1 512 4212
1697131823580857 20 0 16 4 20 20 0 0 0 0 0 0 96 4 4 0 100 4 0 0 0 0 133809 207 0 0 2065741 7552 27948361 324612 81525 0 0 0 8284 0 1.000000 10 10 5120 10240 10 10 20 10240 137752 4 2048 25764 1 512 13085 1 512 4212
1697131828281181 20 0 1 19 20 20 0 0 0 0 0 0 81 19 19 0 100 19 0 0 0 0 228894 251 0 0 4102724 7888 30515454 325047 110321 0 0 0 39349 0 1.000000 10 10 5120 10240 10 10 20 10240 137752 19 9728 133527 1 512 13085 1 512 4212
1697131833199683 20 0 0 20 20 20 0 0 0 0 0 0 80 20 20 0 100 20 0 0 0 0 295617 305 0 0 7748348 8110 31720993 325185 110347 0 0 0 41420 0 1.000000 10 10 5120 10240 10 10 20 10240 137752 20 10240 137752 1 512 13085 1 512 4212
1697131845218722 20 0 0 20 20 20 0 0 0 0 0 0 80 20 19 1 100 20 0 0 0 0 374760 407 0 0 9771575 9184 41635160 325390 110347 19554389 0 0 41420 0 1.000000 10 10 5120 10240 10 10 20 10240 137752 20 10240 137752 1 512 13085 1 512 4212
1697131845220168 20 0 1 19 20 20 0 0 0 0 0 0 80 19 19 0 100 20 1 0 0 0 374760 2478 0 455 9771575 9433 41635160 325390 110347 19554389 19554389 0 41420 0 1.000000 10 10 5120 10240 10 10 20 10240 137752 19 9728 124671 1 512 13085 1 512 4212
1697131848603888 20 0 1 19 20 20 0 0 0 0 0 0 79 19 19 0 100 21 2 0 0 0 384918 4030 0 710 10126416 9656 44651535 325794 110377 37205470 37205470 0 43491 0 1.000000 10 10 5120 130810 2 10 20 10240 137752 19 9728 124676 1 512 13085 1 512 4212
1697131849145725 20 0 1 19 20 20 0 0 0 0 0 0 78 19 19 0 100 22 3 0 0 0 389385 5990 0 1095 10578429 9830 44734367 325929 110405 55668272 55668272 0 45562 0 1.000000 10 10 5120 130785 4 10 20 10240 137752 19 9728 124672 1 512 13085 1 512 4212
1697131850300172 20 0 1 19 20 20 0 0 0 0 0 0 77 19 19 0 100 23 4 0 0 0 398397 7403 0 1372 10579235 10119 45876999 326084 110435 76399870 76399870 0 47633 0 1.000000 10 10 5120 130790 4 10 20 10240 137752 19 9728 133520 1 512 13085 1 512 4212
1697131850844888 20 0 1 19 20 20 0 0 0 0 0 0 76 19 19 0 100 24 5 0 0 0 403274 9194 0 1757 10924721 10268 46068955 326263 110465 95812753 95812753 0 49704 0 1.000000 10 10 5120 108673 3 10 20 10240 137752 19 9728 124667 1 512 13085 1 512 4212
1697131851986174 20 0 1 19 20 20 0 0 0 0 0 0 75 19 19 0 100 25 6 0 0 0 410308 10856 0 2003 10925007 10441 47200694 326490 110498 118301395 118301395 0 51775 0 1.000000 10 10 5120 113108 3 10 20 10240 137752 19 9728 133525 1 512 13085 1 512 4212
1697131853137379 20 0 1 19 20 20 0 0 0 0 0 0 74 19 19 0 100 26 7 0 0 0 421497 12958 0 2474 11199566 17856 48056087 326732 110542 138461720 138461720 0 53846 0 1.000000 10 10 5120 93078 3 10 20 10240 137752 19 9728 133379 1 512 13085 1 512 4212
1697131853701897 20 0 1 19 20 20 0 0 0 0 0 0 73 19 19 0 100 27 8 0 0 0 433286 15658 0 2798 11395415 18198 48409315 327079 110577 157308132 157308132 0 55917 0 1.000000 10 10 5120 93078 3 10 20 10240 137752 19 9728 124672 1 512 13085 1 512 4212
1697131853704424 20 0 2 18 20 20 0 0 0 0 0 0 73 18 18 0 100 27 9 0 0 0 433286 17343 0 3088 11395601 18482 48409323 327235 110577 177379713 177379713 0 55917 0 1.000000 10 10 5120 97793 2 10 20 10240 137752 18 9216 120455 1 512 13085 1 512 4212
1697131853720013 20 0 1 19 20 20 0 0 0 0 0 0 71 19 19 0 100 29 10 0 0 0 446010 19050 0 3348 11395815 18624 48409813 327355 110642 197755615 197755615 0 60059 0 1.000000 10 10 5120 91613 3 10 20 10240 137752 19 9728 133530 1 512 13085 1 512 4212
1697131854869603 20 0 1 19 20 20 0 0 0 0 0 0 70 19 19 0 100 30 11 0 0 0 466510 19512 0 3433 11424327 18700 49509631 327442 110669 218347776 218347776 0 62130 0 1.000000 10 10 5120 86673 3 10 20 10240 137752 19 9728 133524 1 512 13085 1 512 4212
1697131855939175 20 0 1 19 20 20 0 0 0 0 0 0 69 19 19 0 100 31 12 0 0 0 471451 19996 0 3501 11424422 18748 50573450 327584 110699 237979983 237979983 0 64201 0 1.000000 10 10 5120 82638 3 10 20 10240 137752 19 9728 133527 1 512 13085 1 512 4212
1697131856408751 20 0 1 19 20 20 0 0 0 0 0 0 68 19 19 0 100 32 13 0 0 0 479613 20887 0 3587 11424856 18802 51010857 350147 110730 258078288 258078288 0 66272 0 1.000000 10 10 5120 79272 3 10 20 10240 137752 19 9728 133534 1 512 13085 1 512 4212
1697131856475629 20 0 1 19 20 20 0 0 0 0 0 0 67 19 19 0 100 33 14 0 0 0 482286 21566 0 3668 11424938 18889 51074062 350256 110761 278001798 278001798 0 68343 0 1.000000 10 10 5120 76419 2 10 20 10240 137752 19 9728 133531 1 512 13085 1 512 4212
1697131856483083 20 0 1 19 20 20 0 0 0 0 0 0 66 19 19 0 100 34 15 0 0 0 484973 22045 0 3758 11425008 18954 51077966 350458 110794 300548685 300548685 0 70414 0 1.000000 10 10 5120 73975 3 10 20 10240 137752 19 9728 133529 1 512 13085 1 512 4212
1697131857019771 20 0 1 19 20 20 0 0 0 0 0 0 65 19 19 0 100 35 16 0 0 0 487373 22472 0 3852 11425079 19008 51611514 350592 110824 320404423 320404423 0 72485 0 1.000000 10 10 5120 71859 3 10 20 10240 137752 19 9728 124671 1 512 13085 1 512 4212
1697131857095399 20 0 1 19 20 20 0 0 0 0 0 0 64 19 19 0 100 36 17 0 0 0 489717 23291 0 3956 11425160 19133 51683534 350740 110860 342233727 342233727 0 74556 0 1.000000 10 10 5120 75544 3 10 20 10240 137752 19 9728 133540 1 512 13085 1 512 4212
1697131857462959 20 0 1 19 20 20 0 0 0 0 0 0 63 19 19 0 100 37 18 0 0 0 504075 23771 0 4031 11425875 19225 52035243 350883 110893 363155431 363155431 0 76627 0 1.000000 10 10 5120 73578 3 10 20 10240 137752 19 9728 133528 1 512 13085 1 512 4212
1697131859397433 20 0 1 19 20 20 0 0 0 0 0 0 62 19 19 0 100 38 19 0 0 0 521667 24373 0 4218 11427915 19440 53948976 351118 110937 386053440 386053440 0 78698 0 1.000000 10 10 5120 71837 2 10 20 10240 137752 19 9728 133522 1 512 13085 1 512 4212
1697131859890993 20 0 1 19 20 20 0 0 0 0 0 0 61 19 19 0 100 39 20 0 0 0 523948 24971 0 4345 11428067 19514 54439147 351348 110981 412014439 412014439 0 80769 0 1.000000 10 10 5120 70282 2 10 20 10240 137752 19 9728 133535 1 512 13085 1 512 4212
1697131864879489 20 0 0 20 20 20 0 0 0 0 0 0 60 20 20 0 100 40 20 0 0 0 569176 25011 0 4345 11430755 19751 59379096 351541 111016 412014439 412014439 0 82840 0 1.000000 10 10 5120 68876 4 10 20 10240 137752 20 10240 137752 1 512 13085 1 512 4212
1697131867580229 20 0 1 19 20 20 0 0 0 0 0 0 60 19 19 0 100 40 21 0 0 0 572332 25436 0 4411 11430854 19825 62076006 351567 111016 430486050 430486050 0 82840 0 1.000000 10 10 5120 68876 4 10 20 10240 137752 19 9728 124671 1 512 13085 1 512 4212
1697131871321391 20 0 1 19 20 20 0 0 0 0 0 0 59 19 19 0 100 41 22 0 0 0 579389 26056 0 4594 11430946 19930 65809104 351704 111053 449516566 449516566 0 84911 0 1.000000 10 10 5120 71826 5 10 20 10240 137752 19 9728 124676 1 512 13085 1 512 4212
1697131872288656 20 0 1 19 20 20 0 0 0 0 0 0 58 19 19 0 100 42 23 0 0 0 586256 26496 0 4664 11431215 20001 66768505 351872 111093 468648533 468648533 0 86982 0 1.000000 10 10 5120 74505 6 10 20 10240 137752 19 9728 124672 1 512 13085 1 512 4212
1697131873921200 20 0 1 19 20 20 0 0 0 0 0 0 57 19 19 0 100 43 24 0 0 0 589994 527688 0 4944 11527934 20353 67798791 352020 111129 487487513 487487513 0 89053 0 0.075985 10 10 5120 76952 5 10 20 10240 137752 19 9728 124667 1 512 13085 1 512 4212
1697131874578130 20 0 1 19 20 20 0 0 0 0 0 0 56 19 19 0 100 44 25 0 0 0 594229 528375 0 5123 11528011 20498 68449902 352553 111168 507782045 507782045 0 91124 0 0.077412 10 10 5120 79198 5 10 20 10240 137752 19 9728 133520 1 512 13085 1 512 4212
1697131875851997 20 0 1 19 20 20 0 0 0 0 0 0 55 19 19 0 100 45 26 0 0 0 600161 528938 0 5224 11528396 20565 69716602 352699 111199 526282176 526282176 0 93195 0 0.078716 10 10 5120 77723 6 10 20 10240 137752 19 9728 124672 1 512 13085 1 512 4212
1697131877689966 20 0 1 19 20 20 0 0 0 0 0 0 54 19 19 0 100 46 27 0 0 0 611350 529422 0 5325 11528917 20642 71542080 352871 111230 546216270 546216270 0 95266 0 0.079641 10 10 5120 79764 6 10 20 10240 137752 19 9728 133535 1 512 13085 1 512 4212
1697131877800620 20 0 1 19 20 20 0 0 0 0 0 0 53 19 19 0 100 47 28 0 0 0 613489 529996 0 5448 11529024 20753 71649589 353045 111260 567979915 567979915 0 97337 0 0.081180 10 10 5120 78372 5 10 20 10240 137752 19 9728 133525 1 512 13085 1 512 4212
1697131877811284 20 0 1 19 20 20 0 0 0 0 0 0 52 19 19 0 100 48 29 0 0 0 615625 530651 0 5542 11529070 20786 71657218 353165 111290 588601948 588601948 0 99408 0 0.082705 10 10 5120 77083 6 10 20 10240 137752 19 9728 133379 1 512 13085 1 512 4212
1697131879423643 20 0 1 19 20 20 0 0 0 0 0 0 51 19 19 0 100 49 30 0 0 0 621561 532789 0 6010 11529586 20982 73260553 353274 111318 607365064 607365064 0 101479 0 0.083838 10 10 5120 75933 6 10 20 10240 137752 19 9728 124671 1 512 13085 1 512 4212
1697131879931268 20 0 1 19 20 20 0 0 0 0 0 0 50 19 19 0 100 50 31 0 0 0 638886 533351 0 6107 11529913 21058 73749621 353383 111350 629590159 629590159 0 103550 0 0.084243 10 10 5120 77762 6 10 20 10240 137752 19 9728 133530 1 512 13085 1 512 4212
1697131880079983 20 0 1 19 20 20 0 0 0 0 0 0 49 19 19 0 100 51 32 0 0 0 640951 536807 0 6964 11530229 21578 73891614 353533 111380 650777073 650777073 0 105621 0 0.085525 10 10 5120 76615 6 10 20 10240 137752 19 9728 133524 1 512 13085 1 512 4212
1697131880183802 20 0 1 19 20 20 0 0 0 0 0 0 48 19 19 0 100 52 33 0 0 0 666427 540456 0 7885 11530472 22122 73964887 353698 111411 670479321 670479321 0 107692 0 0.085098 10 10 5120 75542 6 10 20 10240 137752 19 9728 133534 1 512 13085 1 512 4212
1697131880769812 20 0 1 19 20 20 0 0 0 0 0 0 47 19 19 0 100 53 34 0 0 0 673101 543123 0 8384 11530595 22505 74540444 353798 111442 691245784 691245784 0 109763 0 0.086068 10 10 5120 74531 5 10 20 10240 137752 19 9728 133527 1 512 13085 1 512 4212
1697131881422647 20 0 1 19 20 20 0 0 0 0 0 0 46 19 19 0 100 54 35 0 0 0 681114 543865 0 8488 11530671 22647 75183902 353926 111473 711520618 711520618 0 111834 0 0.087065 10 10 5120 73582 6 10 20 10240 137752 19 9728 133540 1 512 13085 1 512 4212
1697131882204274 20 0 1 19 20 20 0 0 0 0 0 0 45 19 19 0 100 55 36 0 0 0 693883 545512 0 8776 11532299 22820 75949047 354071 111505 733246952 733246952 0 113905 0 0.087646 10 10 5120 72683 6 10 20 10240 137752 19 9728 133529 1 512 13085 1 512 4212
1697131882712657 20 0 1 19 20 20 0 0 0 0 0 0 44 19 19 0 100 56 37 0 0 0 697569 546139 0 8846 11532382 22865 76452603 354233 111553 754451247 754451247 0 115976 0 0.088930 10 10 5120 71837 6 10 20 10240 137752 19 9728 133528 1 512 13085 1 512 4212
1697131882987816 20 0 1 19 20 20 0 0 0 0 0 0 43 19 19 0 100 57 38 0 0 0 700483 546630 0 8908 11532451 22905 76724008 354371 111588 776914997 776914997 0 118047 0 0.090271 10 10 5120 71037 6 10 20 10240 137752 19 9728 133531 1 512 13085 1 512 4212
1697131884896161 20 0 1 19 20 20 0 0 0 0 0 0 42 19 19 0 100 58 39 0 0 0 718508 549824 0 9416 11535661 30557 78599979 354485 111619 797931577 797931577 0 120118 0 0.090318 10 10 5120 70279 6 10 20 10240 137752 19 9728 133535 1 512 13085 1 512 4212
1697131885164347 20 0 1 19 20 20 0 0 0 0 0 0 41 19 19 0 100 59 40 0 0 0 727291 552010 0 9914 11535766 30863 78856209 354743 111653 819220295 819220295 0 122189 0 0.091088 10 10 5120 69558 6 10 20 10240 137752 19 9728 133522 1 512 13085 1 512 4212
1697131890199043 20 0 0 20 20 20 0 0 0 0 0 0 40 20 20 0 100 60 40 0 0 0 771070 552045 0 9914 11537095 31026 83845079 354850 111686 819220295 819220295 0 124260 0 0.089564 10 10 5120 68876 5 10 20 10240 137752 20 10240 137752 1 512 13085 1 512 4212
1697131891547084 20 0 1 19 20 20 0 0 0 0 0 0 40 19 19 0 100 60 41 0 0 0 772182 553056 0 10088 11537200 31113 85190712 354872 111686 839293646 839293646 0 124260 0 0.089421 10 10 5120 68876 5 10 20 10240 137752 19 9728 124671 1 512 13085 1 512 4212
1697131893443360 20 0 1 19 20 20 0 0 0 0 0 0 39 19 19 0 100 61 42 0 0 0 775206 553523 0 10154 11537333 31158 87083111 355006 111720 857700477 857700477 0 126331 0 0.090672 10 10 5120 70387 6 10 20 10240 137752 19 9728 124676 1 512 13085 1 512 4212
1697131895300518 20 0 1 19 20 20 0 0 0 0 0 0 38 19 19 0 100 62 43 0 0 0 777733 554020 0 10216 11537427 31200 88936934 355139 111751 876712210 876712210 0 128402 0 0.091949 10 10 5120 71825 5 10 20 10240 137752 19 9728 124672 1 512 13085 1 512 4212
1697131896242346 20 0 1 19 20 20 0 0 0 0 0 0 37 19 19 0 100 63 44 0 0 0 781873 554516 0 10287 11537755 31247 89873599 355248 111792 895402708 895402708 0 130473 0 0.093108 10 10 5120 73196 5 10 20 10240 137752 19 9728 124667 1 512 13085 1 512 4212
1697131897748538 20 0 1 19 20 20 0 0 0 0 0 0 36 19 19 0 100 64 45 0 0 0 786017 555006 0 10348 11538064 31295 91374637 355365 111822 913661358 913661358 0 132544 0 0.094259 10 10 5120 74506 6 10 20 10240 137752 19 9728 124672 1 512 13085 1 512 4212
1697131901200165 20 0 1 19 20 20 0 0 0 0 0 0 35 19 19 0 100 65 46 0 0 0 794315 555436 0 10414 11538546 31364 94816783 355519 111866 936250287 936250287 0 134615 0 0.095113 10 10 5120 75757 6 10 20 10240 137752 19 9728 133520 1 512 13085 1 512 4212
1697131901463629 20 0 1 19 20 20 0 0 0 0 0 0 34 19 19 0 100 66 47 0 0 0 798378 555927 0 10477 11538846 31432 95075153 355646 111896 955842291 955842291 0 136686 0 0.096252 10 10 5120 75030 6 10 20 10240 137752 19 9728 133379 1 512 13085 1 512 4212
1697131902187538 20 0 1 19 20 20 0 0 0 0 0 0 33 19 19 0 100 67 48 0 0 0 799821 556319 0 10535 11538937 31466 95796845 355851 111927 976171434 976171434 0 138757 0 0.097578 10 10 5120 74365 5 10 20 10240 137752 19 9728 133525 1 512 13085 1 512 4212
1697131902348464 20 0 1 19 20 20 0 0 0 0 0 0 32 19 19 0 100 68 49 0 0 0 801242 556896 0 10603 11539112 31501 95955355 356004 111975 995445053 995445053 0 140828 0 0.098888 10 10 5120 73696 6 10 20 10240 137752 19 9728 124671 1 512 13085 1 512 4212
1697131903324282 20 0 1 19 20 20 0 0 0 0 0 0 31 19 19 0 100 69 50 0 0 0 802676 557360 0 10686 11539209 31531 96928986 356127 112006 1014609472 1014609472 0 142899 0 0.100203 10 10 5120 74862 6 10 20 10240 137752 19 9728 133534 1 512 13085 1 512 4212
1697131903403493 20 0 1 19 20 20 0 0 0 0 0 0 30 19 19 0 100 70 51 0 0 0 804128 557747 0 10751 11539288 31561 97006068 356267 112037 1036272759 1036272759 0 144970 0 0.101518 10 10 5120 73053 5 10 20 10240 137752 19 9728 133535 1 512 13085 1 512 4212
1697131904469631 20 0 1 19 20 20 0 0 0 0 0 0 29 19 19 0 100 71 52 0 0 0 806175 558204 0 10823 11539395 31599 98069418 356360 112066 1056681110 1056681110 0 147041 0 0.102779 10 10 5120 71245 6 10 20 10240 137752 19 9728 133524 1 512 13085 1 512 4212
1697131904981847 20 0 1 19 20 20 0 0 0 0 0 0 28 19 19 0 100 72 53 0 0 0 807463 558674 0 10887 11539478 31644 98579589 356469 112096 1077742664 1077742664 0 149112 0 0.104092 10 10 5120 69438 6 10 20 10240 137752 19 9728 133530 1 512 13085 1 512 4212
1697131906089112 20 0 1 19 20 20 0 0 0 0 0 0 27 19 19 0 100 73 54 0 0 0 814942 559092 0 10950 11540224 31703 99677984 356590 112126 1098999917 1098999917 0 151183 0 0.104931 10 10 5120 69436 6 10 20 10240 137752 19 9728 133527 1 512 13085 1 512 4212
1697131906676670 20 0 1 19 20 20 0 0 0 0 0 0 26 19 19 0 100 74 55 0 0 0 818248 559476 0 11017 11540494 31741 100261382 356704 112153 1119475916 1119475916 0 153254 0 0.106084 10 10 5120 67628 6 10 20 10240 137752 19 9728 133529 1 512 13085 1 512 4212
1697131906990686 20 0 1 19 20 20 0 0 0 0 0 0 25 19 19 0 100 75 56 0 0 0 819572 559937 0 11081 11540597 31773 100573318 356819 112183 1140983240 1140983240 0 155325 0 0.107378 10 10 5120 67627 6 10 20 10240 137752 19 9728 133540 1 512 13085 1 512 4212
1697131907154825 20 0 1 19 20 20 0 0 0 0 0 0 24 19 19 0 100 76 57 0 0 0 820850 560356 0 11151 11540655 31808 100735463 356979 112213 1161366161 1161366161 0 157396 0 0.108676 10 10 5120 67594 6 10 20 10240 137752 19 9728 133528 1 512 13085 1 512 4212
1697131908550538 20 0 1 19 20 20 0 0 0 0 0 0 23 19 19 0 100 77 58 0 0 0 827188 560768 0 11222 11541335 31865 102123518 357103 112243 1182877828 1182877828 0 159467 0 0.109571 10 10 5120 65787 6 10 20 10240 137752 19 9728 133531 1 512 13085 1 512 4212
1697131910950233 20 0 1 19 20 20 0 0 0 0 0 0 22 19 19 0 100 78 59 0 0 0 834394 561324 0 11322 11542136 31948 104514396 357212 112273 1204632405 1204632405 0 161538 0 0.110377 10 10 5120 65788 6 10 20 10240 137752 19 9728 133522 1 512 13085 1 512 4212
1697131911975414 20 0 1 19 20 20 0 0 0 0 0 0 21 19 19 0 100 79 60 0 0 0 839175 561763 0 11389 11542668 32009 105533602 357326 112310 1227741132 1227741132 0 163609 0 0.111375 10 10 5120 65789 6 10 20 10240 137752 19 9728 133535 1 512 13085 1 512 4212
1697131913638992 20 0 1 19 20 20 0 0 0 0 0 0 20 19 19 0 100 80 61 0 0 0 842419 562229 0 11491 11542915 35972 107188936 357591 112354 1245906873 1245906873 0 165680 0 0.112487 10 10 5120 65787 6 10 20 10240 137752 19 9728 124671 1 512 13085 1 512 4212
1697131916638095 20 0 1 19 20 20 0 0 0 0 0 0 19 19 19 0 100 81 62 0 0 0 847285 562703 0 11579 11543568 36050 110181653 357835 112385 1265371983 1265371983 0 167751 0 0.113462 10 10 5120 67595 5 10 20 10240 137752 19 9728 124676 1 512 13085 1 512 4212
1697131917104229 20 0 1 19 20 20 0 0 0 0 0 0 18 19 19 0 100 82 63 0 0 0 848492 563252 0 11654 11543661 36084 110645705 357986 112423 1283151961 1283151961 0 169822 0 0.114720 10 10 5120 69402 6 10 20 10240 137752 19 9728 124672 1 512 13085 1 512 4212
1697131919686409 20 0 1 19 20 20 0 0 0 0 0 0 17 19 19 0 100 83 64 0 0 0 851432 966014 0 77545 11680196 80158 112640869 358168 112458 1302489030 1302489030 0 171893 0 0.090198 10 10 5120 71210 5 10 20 10240 137752 19 9728 124667 1 512 13085 1 512 4212
1697131920516150 20 0 1 19 20 20 0 0 0 0 0 0 16 19 19 0 100 84 65 0 0 0 907368 966726 0 77617 11680596 80222 113385515 358474 112495 1321627331 1321627331 0 173964 0 0.088525 10 10 5120 73019 5 10 20 10240 137752 19 9728 124672 1 512 13085 1 512 4212
1697131924007610 20 0 1 19 20 20 0 0 0 0 0 0 15 19 19 0 100 85 66 0 0 0 911390 967432 0 77844 11681105 80282 116871474 358627 112530 1339652984 1339652984 0 176035 0 0.089354 10 10 5120 73019 6 10 20 10240 137752 19 9728 124671 1 512 13085 1 512 4212
1697131926107509 20 0 1 19 20 20 0 0 0 0 0 0 14 19 19 0 100 86 67 0 0 0 913868 968160 0 77928 11681365 80329 118967662 358772 112560 1360565834 1360565834 0 178106 0 0.090251 10 10 5120 74829 5 10 20 10240 137752 19 9728 133520 1 512 13085 1 512 4212
1697131926240152 20 0 1 19 20 20 0 0 0 0 0 0 13 19 19 0 100 87 68 0 0 0 914944 968772 0 78004 11681465 80389 119098285 358897 112594 1381279534 1381279534 0 180177 0 0.091219 10 10 5120 74830 6 10 20 10240 137752 19 9728 133379 1 512 13085 1 512 4212
1697131927065880 20 0 1 19 20 20 0 0 0 0 0 0 12 19 19 0 100 88 69 0 0 0 915955 969307 0 78089 11681607 80422 119922141 359007 112624 1402105255 1402105255 0 182248 0 0.092192 10 10 5120 74859 6 10 20 10240 137752 19 9728 133525 1 512 13085 1 512 4212
1697131928102421 20 0 1 19 20 20 0 0 0 0 0 0 11 19 19 0 100 89 70 0 0 0 917866 969785 0 78165 11682063 80472 120955576 359174 112658 1422937937 1422937937 0 184319 0 0.093121 10 10 5120 74862 6 10 20 10240 137752 19 9728 133534 1 512 13085 1 512 4212
1697131929578812 20 0 1 19 20 20 0 0 0 0 0 0 10 19 19 0 100 90 71 0 0 0 919048 970260 0 78238 11682141 80513 122429995 359326 112690 1444067708 1444067708 0 186390 0 0.094085 10 10 5120 73053 6 10 20 10240 137752 19 9728 133524 1 512 13085 1 512 4212
1697131930281258 20 0 1 19 20 20 0 0 0 0 0 0 9 19 19 0 100 91 72 0 0 0 921416 970878 0 78347 11682668 80578 123128668 359450 112719 1464191135 1464191135 0 188461 0 0.094980 10 10 5120 71247 6 10 20 10240 137752 19 9728 133527 1 512 13085 1 512 4212
1697131930290248 20 0 1 19 20 20 0 0 0 0 0 0 8 19 19 0 100 92 73 0 0 0 922336 971293 0 78419 11682757 80626 123135993 359574 112752 1485511109 1485511109 0 190532 0 0.095956 10 10 5120 69440 5 10 20 10240 137752 19 9728 133530 1 512 13085 1 512 4212
1697131931066414 20 0 1 19 20 20 0 0 0 0 0 0 7 19 19 0 100 93 74 0 0 0 923195 971773 0 78494 11682886 80658 123910529 359661 112782 1505527421 1505527421 0 192603 0 0.096931 10 10 5120 67631 6 10 20 10240 137752 19 9728 133540 1 512 13085 1 512 4212
1697131931361909 20 0 1 19 20 20 0 0 0 0 0 0 6 19 19 0 100 94 75 0 0 0 924579 972185 0 78569 11683198 80693 124203734 359764 112814 1525682342 1525682342 0 194674 0 0.097880 10 10 5120 67627 5 10 20 10240 137752 19 9728 133528 1 512 13085 1 512 4212
1697131932421826 20 0 1 19 20 20 0 0 0 0 0 0 5 19 19 0 100 95 76 0 0 0 925737 972772 0 78642 11683544 80747 125261360 359863 112843 1550644777 1550644777 0 196745 0 0.098831 10 10 5120 65820 5 10 20 10240 137752 19 9728 133535 1 512 13085 1 512 4212
1697131932774414 20 0 1 19 20 20 0 0 0 0 0 0 4 19 19 0 100 96 77 0 0 0 926495 973536 0 78714 11683622 80778 125612015 360107 112875 1572752354 1572752354 0 198816 0 0.099791 10 10 5120 65820 7 10 20 10240 137752 19 9728 133529 1 512 13085 1 512 4212
1697131933215703 20 0 1 19 20 20 0 0 0 0 0 0 3 19 19 0 100 97 78 0 0 0 927343 973975 0 78779 11683707 80807 126051316 360645 112919 1593371146 1593371146 0 200887 0 0.100762 10 10 5120 65819 6 10 20 10240 137752 19 9728 133531 1 512 13085 1 512 4212
1697131935586308 20 0 1 19 20 20 0 0 0 0 0 0 2 19 19 0 100 98 79 0 0 0 930503 974432 0 78847 11687237 80897 128414478 360780 112950 1611413275 1611413275 0 202958 0 0.101608 10 10 5120 65788 6 10 20 10240 137752 19 9728 124671 1 512 13085 1 512 4212
1697131936250005 20 0 1 19 20 20 0 0 0 0 0 0 1 19 19 0 100 99 80 0 0 0 931305 974929 0 78917 11687338 80927 129076578 360903 112984 1632657446 1632657446 0 205029 0 0.102574 10 10 5120 65788 5 10 20 10240 137752 19 9728 133522 1 512 13085 1 512 4212
1697131937134424 20 0 1 19 20 20 0 0 0 0 0 0 0 19 19 0 100 100 81 0 0 0 931909 975401 0 78985 11689584 80996 129957405 361050 113016 1653834719 1653834719 0 207100 0 0.103552 10 10 5120 65789 6 10 20 10240 137752 19 9728 133535 1 512 13085 1 512 4212
1697131939130598 20 0 2 18 20 20 0 0 0 0 0 0 0 18 18 0 100 100 82 0 0 0 931913 975827 0 79045 11689988 81033 131952519 361196 113016 1671882099 1671882099 0 207100 0 0.103529 10 10 5120 65787 6 10 20 10240 137752 18 9216 120455 1 512 13085 1 512 4212
1697131939837323 20 0 3 17 20 20 0 0 0 0 0 0 0 17 17 0 100 100 83 0 0 0 931917 976251 0 79111 11690322 81063 132658267 361338 113016 1691367394 1691367394 0 207100 0 0.103506 10 10 5120 67596 5 10 20 10240 137752 17 8704 107379 1 512 13085 1 512 4212
1697131943614758 20 0 4 16 20 20 0 0 0 0 0 0 0 16 16 0 100 100 84 0 0 0 931926 977635 0 79297 12687520 81153 135436752 361512 113016 1709820615 1709820615 0 207100 0 0.103430 10 10 5120 69402 6 10 20 10240 137752 16 8192 94299 1 512 13085 1 512 4212
1697131943615940 20 0 5 15 20 20 0 0 0 0 0 0 0 15 15 0 100 100 85 0 0 0 931926 978335 0 79412 12687579 81336 135436769 361628 113016 1729098833 1729098833 0 207100 0 0.103392 10 10 5120 71212 4 10 20 10240 137752 15 7680 81214 1 512 13085 1 512 4212
1697131945915993 20 0 6 14 20 20 0 0 0 0 0 0 0 14 14 0 100 100 86 0 0 0 931931 978775 0 79475 12687675 81506 137735892 361723 113016 1747361245 1747361245 0 207100 0 0.103368 10 10 5120 73020 5 10 20 10240 137752 14 7168 68133 1 512 13085 1 512 4212
1697131951536126 20 0 6 14 20 20 0 0 0 0 0 0 0 14 13 1 100 100 86 0 0 0 931940 978789 0 79475 12687778 81526 143355385 361923 113016 1767777399 1747361245 0 207100 0 0.103367 10 10 5120 74828 6 10 20 10240 137752 14 7168 68133 1 512 13085 1 512 4212
1697131951536415 20 0 7 13 20 20 0 0 0 0 0 0 0 13 13 0 100 100 87 0 0 0 931940 979276 0 79538 12687778 81572 143355385 361923 113016 1767777399 1767777399 0 207100 0 0.103340 10 10 5120 74828 6 10 20 10240 137752 13 6656 63906 1 512 13085 1 512 4212
1697131952163804 20 0 8 12 20 20 0 0 0 0 0 0 0 12 12 0 100 100 88 0 0 0 931941 979891 0 79641 12687890 81608 143981834 362036 113016 1789698077 1789698077 0 207100 0 0.103307 10 10 5120 74829 6 10 20 10240 137752 12 6144 59533 1 512 13085 1 512 4212
1697131952210668 20 0 9 11 20 20 0 0 0 0 0 0 0 11 11 0 100 100 89 0 0 0 931942 980255 0 79701 12687934 81632 144028109 362153 113016 1811800769 1811800769 0 207100 0 0.103287 10 10 5120 74861 6 10 20 10240 137752 11 5632 55301 1 512 13085 1 512 4212
1697131952953336 20 0 10 10 20 20 0 0 0 0 0 0 0 10 10 0 100 100 90 0 0 0 931943 980756 0 79773 12688042 81685 144769973 362257 113016 1832707699 1832707699 0 207100 0 0.103260 10 10 5120 74862 6 10 20 10240 137752 10 5120 51083 1 512 13085 1 512 4212
1697131954679161 20 0 11 9 20 20 0 0 0 0 0 0 0 9 9 0 100 100 91 0 0 0 931944 981270 0 79838 12688113 81721 146495009 362376 113016 1853108400 1853108400 0 207100 0 0.103233 10 10 5120 73053 6 10 20 10240 137752 9 4608 46861 1 512 13085 1 512 4212
1697131954766545 20 0 12 8 20 20 0 0 0 0 0 0 0 8 8 0 100 100 92 0 0 0 931945 981741 0 79899 12688191 81750 146581655 362486 113016 1874311353 1874311353 0 207100 0 0.103207 10 10 5120 71246 6 10 20 10240 137752 8 4096 42633 1 512 13085 1 512 4212
1697131955234417 20 0 13 7 20 20 0 0 0 0 0 0 0 7 7 0 100 100 93 0 0 0 931947 982186 0 79965 12688277 81780 147048767 362637 113016 1894134113 1894134113 0 207100 0 0.103183 10 10 5120 69439 6 10 20 10240 137752 7 3584 38409 1 512 13085 1 512 4212
1697131955613240 20 0 14 6 20 20 0 0 0 0 0 0 0 6 6 0 100 100 94 0 0 0 931949 982809 0 80041 12688354 81846 147426623 362789 113016 1914625788 1914625788 0 207100 0 0.103149 10 10 5120 67631 5 10 20 10240 137752 6 3072 34197 1 512 13085 1 512 4212
1697131955901645 20 0 15 5 20 20 0 0 0 0 0 0 0 5 5 0 100 100 95 0 0 0 931950 983311 0 80121 12688444 81888 147714180 362945 113016 1936260039 1936260039 0 207100 0 0.103122 10 10 5120 65821 6 10 20 10240 137752 5 2560 29972 1 512 13085 1 512 4212
1697131956508485 20 0 16 4 20 20 0 0 0 0 0 0 0 4 4 0 100 100 96 0 0 0 931951 983668 0 80181 12688546 81913 148320339 363092 113016 1956294941 1956294941 0 207100 0 0.103103 10 10 5120 65820 6 10 20 10240 137752 4 2048 25755 1 512 13085 1 512 4212
1697131957973122 20 0 17 3 20 20 0 0 0 0 0 0 0 3 3 0 100 100 97 0 0 0 931954 984122 0 80282 12688614 81942 149784234 363234 113016 1974781313 1974781313 0 207100 0 0.103078 10 10 5120 65788 5 10 20 10240 137752 3 1536 12674 1 512 13085 1 512 4212
1697131958010044 20 0 18 2 20 20 0 0 0 0 0 0 0 2 2 0 100 100 98 0 0 0 931955 984587 0 80364 12688692 81967 149820423 363349 113016 1995533761 1995533761 0 207100 0 0.103053 10 10 5120 67595 5 10 20 10240 137752 2 1024 8453 1 512 13085 1 512 4212
1697131958772272 20 0 19 1 20 20 0 0 0 0 0 0 0 1 1 0 100 100 99 0 0 0 931956 985043 0 80427 12688777 81993 150581866 363526 113016 2017530846 2017530846 0 207100 0 0.103029 10 10 5120 65787 6 10 20 10240 137752 1 512 4230 1 512 13085 1 512 4212
1697131961051444 20 0 20 0 20 20 0 0 0 0 0 0 0 0 0 0 100 100 100 0 0 0 931959 985500 0 80493 12688909 82043 152860131 363742 113016 2038346108 2038346108 0 207100 0 0.103004 10 10 5120 65788 6 10 20 10240 137752 0 0 0 1 512 13085 1 512 4212
1697131961059027 0 0 0 0 0 20 20 20 0 0 0 0 0 0 0 0 100 100 100 0 0 0 931959 985500 0 80493 12688909 82043 152860131 363742 113016 2038346108 2038346108 0 207100 0 0.103004 10 10 5120 65790 6 10 0 0 0 0 0 0 0 0 0 0 0 0
