# timestamp workers_connected workers_init workers_idle workers_busy workers_able workers_joined workers_removed workers_released workers_idled_out workers_blocked workers_slow workers_lost tasks_waiting tasks_on_workers tasks_running tasks_with_results tasks_submitted tasks_dispatched tasks_done tasks_failed tasks_cancelled tasks_exhausted_attempts time_send time_receive time_send_good time_receive_good time_status_msgs time_internal time_polling time_application time_scheduling time_execute time_execute_good time_execute_exhaustion bytes_sent bytes_received bandwidth capacity_tasks capacity_cores capacity_memory capacity_disk capacity_instantaneous capacity_weighted total_cores total_memory total_disk committed_cores committed_memory committed_disk max_cores max_memory max_disk min_cores min_memory min_disk
1697222576410229 0 0 0 0 0 0 0 0 0 0 0 0 0 0 0 0 0 0 0 0 0 0 0 0 0 0 0 0 0 0 0 0 0 0 0 0 1.000000 0 0 0 0 0 0 0 0 0 0 0 0 0 0 0 0 0 0
1697222576411181 0 0 0 0 0 0 0 0 0 0 0 0 0 0 0 0 0 0 0 0 0 0 0 0 0 0 0 0 0 0 0 0 0 0 0 0 1.000000 10 10 5120 10240 10 10 0 0 0 0 0 0 0 0 0 0 0 0
1697222581464248 2 3 1 1 2 2 0 0 0 0 0 0 110 10 10 0 120 10 0 0 0 0 9897 51 0 0 165512 5392 4541027 331040 1051 0 0 0 20710 0 1.000000 10 10 5120 10240 10 10 20 8000 26165 10 4000 13080 10 4000 13085 10 4000 13080
1697222594189631 5 0 3 2 5 5 0 0 0 0 0 0 109 11 11 0 120 10 0 0 0 0 32211 111 0 0 169168 5679 17238988 331217 16404 0 0 0 22781 0 1.000000 10 10 5120 10240 10 10 50 20000 65407 10 4000 13080 10 4000 13085 10 4000 13080
1697222596066412 5 0 0 5 5 5 0 0 0 0 0 0 70 50 50 0 120 50 0 0 0 0 55322 154 0 0 169926 5872 19092402 331217 18020 0 0 0 103550 0 1.000000 10 10 5120 10240 10 10 50 20000 65407 50 20000 65400 10 4000 13085 10 4000 13080
1697222601054972 10 0 0 10 10 10 0 0 0 0 0 0 20 100 100 0 120 100 0 0 0 0 102988 313 0 0 174461 6199 24028083 331257 18689 0 0 0 207100 0 1.000000 10 10 5120 10240 10 10 100 40000 95367 100 40000 95340 10 4000 13085 10 4000 4214
1697222619523245 10 0 0 10 10 10 0 0 0 0 0 0 20 100 99 1 120 100 0 0 0 0 116119 436 0 0 177457 6498 42479321 331443 18689 19628281 0 0 207100 0 1.000000 10 10 5120 10240 10 10 100 40000 95367 100 40000 95340 10 4000 13085 10 4000 4214
1697222619523497 10 0 0 10 10 10 0 0 0 0 0 0 20 99 99 0 120 100 1 0 0 0 116119 843 0 50 177457 6529 42479321 331443 18689 19628281 19628281 0 207100 0 1.000000 10 10 5120 10240 10 10 100 40000 95367 99 39600 94032 10 4000 13085 10 4000 4214
1697222619698080 10 0 0 10 10 10 0 0 0 0 0 0 19 99 99 0 120 101 2 0 0 0 117212 1228 0 95 177598 6564 42651961 331700 18708 40000252 40000252 0 209171 0 1.000000 10 10 4000 13080 4 10 100 40000 95367 99 39600 94032 10 4000 13085 10 4000 4214
1697222620010613 10 0 0 10 10 10 0 0 0 0 0 0 18 99 98 1 120 102 3 0 0 0 118144 1728 0 151 177755 6600 42962681 331845 18728 81364553 60680950 0 211242 0 1.000000 10 10 4000 13080 2 10 100 40000 95367 99 39600 94032 10 4000 13085 10 4000 4214
1697222620011147 10 0 0 10 10 10 0 0 0 0 0 0 18 98 98 0 120 102 4 0 0 0 118144 1877 0 218 177755 6633 42962686 332152 18728 81364553 81364553 0 211242 0 1.000000 10 10 4000 13080 2 10 100 40000 95367 98 39200 92724 10 4000 13085 10 4000 4214
1697222620046465 10 0 0 10 10 10 0 0 0 0 0 0 16 99 99 0 120 104 5 0 0 0 119696 2270 0 263 177902 6668 42995775 332217 18781 101358031 101358031 0 215384 0 1.000000 10 10 4000 13080 2 10 100 40000 95367 99 39600 94032 10 4000 13085 10 4000 4214
1697222620075718 10 0 0 10 10 10 0 0 0 0 0 0 15 99 99 0 120 105 6 0 0 0 120742 2631 0 308 178015 6702 43023285 332361 18801 122109317 122109317 0 217455 0 1.000000 10 10 4000 13080 4 10 100 40000 95367 99 39600 94032 10 4000 13085 10 4000 4214
1697222620166515 10 0 0 10 10 10 0 0 0 0 0 0 14 99 99 0 120 106 7 0 0 0 121586 3129 0 376 178155 6740 43112311 332562 18825 142471133 142471133 0 219526 0 1.000000 10 10 4000 13080 2 10 100 40000 95367 99 39600 94032 10 4000 13085 10 4000 4214
1697222620174910 10 0 0 10 10 10 0 0 0 0 0 0 13 99 99 0 120 107 8 0 0 0 122416 3780 0 453 178269 6815 43118811 332720 18845 162747798 162747798 0 221597 0 1.000000 10 10 4000 13080 4 10 100 40000 95367 99 39600 94032 10 4000 13085 10 4000 4214
1697222620194864 10 0 0 10 10 10 0 0 0 0 0 0 12 99 99 0 120 108 9 0 0 0 123774 4179 0 502 178431 6857 43136590 332836 18866 183141121 183141121 0 223668 0 1.000000 10 10 4000 13080 4 10 100 40000 95367 99 39600 94032 10 4000 13085 10 4000 4214
1697222620201950 10 0 0 10 10 10 0 0 0 0 0 0 11 99 99 0 120 109 10 0 0 0 124555 4492 0 543 178522 6885 43142234 333022 18889 203443760 203443760 0 225739 0 1.000000 10 10 4000 13080 4 10 100 40000 95367 99 39600 94032 10 4000 13085 10 4000 4214
1697222620279778 10 0 0 10 10 10 0 0 0 0 0 0 10 99 99 0 120 110 11 0 0 0 125257 4854 0 586 178636 6927 43218715 333107 18905 224394418 224394418 0 227810 0 1.000000 10 10 4000 13080 4 10 100 40000 95367 99 39600 94032 10 4000 13085 10 4000 4214
1697222620334588 10 0 0 10 10 10 0 0 0 0 0 0 9 99 99 0 120 111 12 0 0 0 125942 5220 0 626 178775 6957 43272119 333253 18925 244680720 244680720 0 229881 0 1.000000 10 10 4000 13080 2 10 100 40000 95367 99 39600 94032 10 4000 13085 10 4000 4214
1697222620374015 10 0 0 10 10 10 0 0 0 0 0 0 8 99 99 0 120 112 13 0 0 0 126660 5639 0 710 178941 6987 43310005 333420 18945 265726305 265726305 0 231952 0 1.000000 10 10 4000 13080 4 10 100 40000 95367 99 39600 94032 10 4000 13085 10 4000 4214
1697222620414633 10 0 0 10 10 10 0 0 0 0 0 0 7 99 99 0 120 113 14 0 0 0 127285 6001 0 751 179075 7015 43349228 333626 18965 286333294 286333294 0 234023 0 1.000000 10 10 4000 13080 2 10 100 40000 95367 99 39600 94032 10 4000 13085 10 4000 4214
1697222620492401 10 0 0 10 10 10 0 0 0 0 0 0 6 99 99 0 120 114 15 0 0 0 127874 6376 0 797 179234 7048 43425652 333774 18985 307502067 307502067 0 236094 0 1.000000 10 10 4000 13080 4 10 100 40000 95367 99 39600 94032 10 4000 13085 10 4000 4214
1697222620551790 10 0 0 10 10 10 0 0 0 0 0 0 5 99 99 0 120 115 16 0 0 0 128448 6749 0 841 179363 7081 43483748 333916 19005 328157507 328157507 0 238165 0 1.000000 10 10 4000 13080 2 10 100 40000 95367 99 39600 94032 10 4000 13085 10 4000 4214
1697222620639499 10 0 0 10 10 10 0 0 0 0 0 0 4 99 99 0 120 116 17 0 0 0 129016 7115 0 883 179522 7114 43570113 334090 19025 348901402 348901402 0 240236 0 1.000000 10 10 4000 13080 4 10 100 40000 95367 99 39600 94032 10 4000 13085 10 4000 4214
1697222620672756 10 0 0 10 10 10 0 0 0 0 0 0 3 99 99 0 120 117 18 0 0 0 129546 7474 0 925 179641 7175 43602123 334224 19050 369765714 369765714 0 242307 0 1.000000 10 10 4000 13080 4 10 100 40000 95367 99 39600 94032 10 4000 13085 10 4000 4214
1697222620673723 10 0 0 10 10 10 0 0 0 0 0 0 2 99 99 0 120 118 19 0 0 0 129988 7774 0 964 179660 7198 43602131 334360 19083 390546058 390546058 0 244378 0 1.000000 10 10 4000 13080 4 10 100 40000 95367 99 39600 94032 10 4000 13085 10 4000 4214
1697222620747468 10 0 0 10 10 10 0 0 0 0 0 0 1 99 99 0 120 119 20 0 0 0 130455 8134 0 1007 179811 7229 43674757 334416 19103 411487446 411487446 0 246449 0 1.000000 10 10 4000 13080 4 10 100 40000 95367 99 39600 94032 10 4000 13085 10 4000 4214
1697222620841737 10 0 0 10 10 10 0 0 0 0 0 0 0 99 99 0 120 120 21 0 0 0 130908 8583 0 1072 179951 7289 43767675 334607 19123 432431900 432431900 0 248520 0 1.000000 10 10 4000 13080 4 10 100 40000 95367 99 39600 94032 10 4000 13085 10 4000 4214
1697222620906994 10 0 0 10 10 10 0 0 0 0 0 0 0 98 98 0 120 120 22 0 0 0 130909 9021 0 1119 180096 7317 43832127 334753 19123 453536485 453536485 0 248520 0 1.000000 10 10 4000 13080 4 10 100 40000 95367 98 39200 92724 10 4000 13085 10 4000 4214
1697222621038816 10 0 0 10 10 10 0 0 0 0 0 0 0 97 97 0 120 120 23 0 0 0 130910 9399 0 1163 180186 7347 43963266 334893 19123 474521907 474521907 0 248520 0 1.000000 10 10 4000 13080 4 10 100 40000 95367 97 38800 91416 10 4000 13085 10 4000 4214
1697222621082706 10 0 0 10 10 10 0 0 0 0 0 0 0 96 96 0 120 120 24 0 0 0 130912 9820 0 1207 180289 7374 44006381 335076 19123 495558078 495558078 0 248520 0 1.000000 10 10 4000 13080 4 10 100 40000 95367 96 38400 90108 10 4000 13085 10 4000 4214
1697222621171025 10 0 0 10 10 10 0 0 0 0 0 0 0 95 95 0 120 120 25 0 0 0 130913 10459 0 1289 180400 7447 44093666 335226 19123 516674595 516674595 0 248520 0 1.000000 10 10 4000 13080 4 10 100 40000 95367 95 38000 88800 10 4000 13085 10 4000 4214
1697222621179673 10 0 0 10 10 10 0 0 0 0 0 0 0 94 94 0 120 120 26 0 0 0 130914 10876 0 1338 180495 7476 44101517 335395 19123 537806839 537806839 0 248520 0 1.000000 10 10 4000 13080 4 10 100 40000 95367 94 37600 87492 10 4000 13085 10 4000 4214
1697222621284399 10 0 0 10 10 10 0 0 0 0 0 0 0 93 93 0 120 120 27 0 0 0 130915 11283 0 1383 180601 7503 44205522 335532 19123 559042051 559042051 0 248520 0 1.000000 10 10 4000 13080 4 10 100 40000 95367 93 37200 86184 10 4000 13085 10 4000 4214
1697222621372077 10 0 0 10 10 10 0 0 0 0 0 0 0 92 92 0 120 120 28 0 0 0 130916 11656 0 1426 180692 7531 44292526 335675 19123 580521745 580521745 0 248520 0 1.000000 10 10 4000 13080 4 10 100 40000 95367 92 36800 84876 10 4000 13085 10 4000 4214
1697222621638879 10 0 0 10 10 10 0 0 0 0 0 0 0 91 91 0 120 120 29 0 0 0 130917 12057 0 1470 180782 7558 44558631 335813 19123 602261920 602261920 0 248520 0 1.000000 10 10 4000 13080 4 10 100 40000 95367 91 36400 83568 10 4000 13085 10 4000 4214
1697222621730746 10 0 0 10 10 10 0 0 0 0 0 0 0 90 90 0 120 120 30 0 0 0 130919 12433 0 1515 180888 7585 44649790 335960 19123 624661953 624661953 0 248520 0 1.000000 10 10 4000 13080 4 10 100 40000 95367 90 36000 82260 10 4000 13085 10 4000 4214
1697222621776108 10 0 0 10 10 10 0 0 0 0 0 0 0 89 89 0 120 120 31 0 0 0 130920 12823 0 1574 180985 7613 44694446 336109 19123 644226374 644226374 0 248520 0 1.000000 10 10 4000 13080 2 10 100 40000 95367 89 35600 80953 10 4000 13085 10 4000 4214
1697222621790931 10 0 0 10 10 10 0 0 0 0 0 0 0 88 88 0 120 120 32 0 0 0 130922 13224 0 1623 181081 7639 44708575 336237 19123 666210440 666210440 0 248520 0 1.000000 10 10 4000 13080 4 10 100 40000 95367 88 35200 79645 10 4000 13085 10 4000 4214
1697222621965311 10 0 0 10 10 10 0 0 0 0 0 0 0 87 87 0 120 120 33 0 0 0 130933 13590 0 1666 181189 7668 44882149 336490 19123 688848070 688848070 0 248520 0 1.000000 10 10 4000 13080 4 10 100 40000 95367 87 34800 78337 10 4000 13085 10 4000 4214
1697222621974108 10 0 0 10 10 10 0 0 0 0 0 0 0 86 86 0 120 120 34 0 0 0 130934 13916 0 1706 181262 7692 44890341 336632 19123 710928276 710928276 0 248520 0 1.000000 10 10 4000 13080 2 10 100 40000 95367 86 34400 77029 10 4000 13085 10 4000 4214
1697222622091212 10 0 0 10 10 10 0 0 0 0 0 0 0 85 85 0 120 120 35 0 0 0 130935 14420 0 1762 181349 7719 45006696 336723 19123 732968467 732968467 0 248520 0 1.000000 10 10 4000 13080 4 10 100 40000 95367 85 34000 75721 10 4000 13085 10 4000 4214
1697222622200840 10 0 0 10 10 10 0 0 0 0 0 0 0 84 84 0 120 120 36 0 0 0 130936 14842 0 1810 181444 7748 45115542 336916 19123 755363907 755363907 0 248520 0 1.000000 10 10 4000 13080 5 10 100 40000 95367 84 33600 74413 10 4000 13085 10 4000 4214
1697222622286681 10 0 0 10 10 10 0 0 0 0 0 0 0 83 83 0 120 120 37 0 0 0 130937 15308 0 1868 181533 7774 45200601 337075 19123 775437648 775437648 0 248520 0 1.000000 10 10 4000 13080 4 10 100 40000 95367 83 33200 73106 10 4000 13085 10 4000 4214
1697222622520001 10 0 0 10 10 10 0 0 0 0 0 0 0 82 82 0 120 120 38 0 0 0 130938 15784 0 1917 181615 7801 45433119 337242 19123 795747614 795747614 0 248520 0 1.000000 10 10 4000 13080 4 10 100 40000 95367 82 32800 71799 10 4000 13085 10 4000 4214
1697222622524700 10 0 0 10 10 10 0 0 0 0 0 0 0 81 81 0 120 120 39 0 0 0 130939 16135 0 1963 181654 7826 45437176 337418 19123 816059235 816059235 0 248520 0 1.000000 10 10 4000 13080 4 10 100 40000 95367 81 32400 70492 10 4000 13085 10 4000 4214
1697222622648817 10 0 0 10 10 10 0 0 0 0 0 0 0 80 80 0 120 120 40 0 0 0 130939 16529 0 2008 181754 7878 45560623 337502 19123 839382707 839382707 0 248520 0 1.000000 10 10 4000 13079 4 10 100 40000 95367 80 32000 69184 10 4000 13085 10 4000 4214
1697222622708643 10 0 0 10 10 10 0 0 0 0 0 0 0 79 79 0 120 120 41 0 0 0 130941 16940 0 2053 181862 7908 45619695 337665 19123 862039557 862039557 0 248520 0 1.000000 10 10 4000 13079 2 10 100 40000 95367 79 31600 67876 10 4000 13085 10 4000 4214
1697222622957624 10 0 0 10 10 10 0 0 0 0 0 0 0 78 78 0 120 120 42 0 0 0 130943 17319 0 2097 181961 7935 45867945 337849 19123 882786322 882786322 0 248520 0 1.000000 10 10 4000 13080 5 10 100 40000 95367 78 31200 66569 10 4000 13085 10 4000 4214
1697222623062875 10 0 0 10 10 10 0 0 0 0 0 0 0 77 77 0 120 120 43 0 0 0 130944 17708 0 2152 182071 7962 45972424 338041 19123 906046116 906046116 0 248520 0 1.000000 10 10 4000 13079 4 10 100 40000 95367 77 30800 65261 10 4000 13085 10 4000 4214
1697222623080561 10 0 0 10 10 10 0 0 0 0 0 0 0 76 76 0 120 120 44 0 0 0 130945 18099 0 2199 182166 7990 45989413 338182 19123 929076685 929076685 0 248520 0 1.000000 10 10 4000 13079 5 10 100 40000 95367 76 30400 63953 10 4000 13085 10 4000 4214
1697222623236206 10 0 0 10 10 10 0 0 0 0 0 0 0 75 75 0 120 120 45 0 0 0 130946 18489 0 2247 182277 8016 46144321 338350 19123 950098915 950098915 0 248520 0 1.000000 10 10 4000 13079 5 10 100 40000 95367 75 30000 62646 10 4000 13085 10 4000 4214
1697222623400404 10 0 0 10 10 10 0 0 0 0 0 0 0 74 74 0 120 120 46 0 0 0 130948 18876 0 2294 182380 8051 46307802 338496 19123 971290983 971290983 0 248520 0 1.000000 10 10 4000 13079 4 10 100 40000 95367 74 29600 61339 10 4000 13085 10 4000 4214
1697222623898002 10 0 0 10 10 10 0 0 0 0 0 0 0 73 73 0 120 120 47 0 0 0 130950 19261 0 2342 182455 8080 46804733 338632 19123 992981432 992981432 0 248520 0 1.000000 10 10 4000 13079 4 10 100 40000 95367 73 29200 60032 10 4000 13085 10 4000 4214
1697222624017385 10 0 0 10 10 10 0 0 0 0 0 0 0 72 72 0 120 120 48 0 0 0 130951 19636 0 2390 182525 8106 46923475 338760 19123 1014789676 1014789676 0 248520 0 1.000000 10 10 4000 13079 4 10 100 40000 95367 72 28800 58725 10 4000 13085 10 4000 4214
1697222624446241 10 0 1 9 10 10 0 0 0 0 0 0 0 71 71 0 120 120 49 0 0 0 130953 20006 0 2438 182606 8136 47351623 338945 19123 1037029248 1037029248 0 248520 0 1.000000 10 10 4000 13079 5 10 100 40000 95367 71 28400 57418 10 4000 13085 10 4000 4214
1697222625149120 10 0 1 9 10 10 0 0 0 0 0 0 0 70 70 0 120 120 50 0 0 0 130954 20408 0 2482 182684 8165 48053790 339097 19123 1062374035 1062374035 0 248520 0 1.000000 10 10 4000 13078 5 10 100 40000 95367 70 28000 56110 10 4000 13085 10 4000 4214
1697222625352333 10 0 1 9 10 10 0 0 0 0 0 0 0 69 69 0 120 120 51 0 0 0 130956 20820 0 2529 182760 8191 48256309 339234 19123 1082577009 1082577009 0 248520 0 1.000000 10 10 4000 13078 5 10 100 40000 95367 69 27600 55688 10 4000 13085 10 4000 4214
1697222625395107 10 0 1 9 10 10 0 0 0 0 0 0 0 68 68 0 120 120 52 0 0 0 130957 21200 0 2574 182817 8218 48298438 339374 19123 1102759427 1102759427 0 248520 0 1.000000 10 10 4000 12898 3 10 100 40000 95367 68 27200 55266 10 4000 13085 10 4000 4214
1697222625486030 10 0 1 9 10 10 0 0 0 0 0 0 0 67 67 0 120 120 53 0 0 0 130959 21644 0 2622 182894 8246 48388639 339504 19123 1123099861 1123099861 0 248520 0 1.000000 10 10 4000 12717 3 10 100 40000 95367 67 26800 54844 10 4000 13085 10 4000 4214
1697222625656578 10 0 1 9 10 10 0 0 0 0 0 0 0 66 66 0 120 120 54 0 0 0 130960 22050 0 2670 182969 8286 48558477 339649 19123 1143608028 1143608028 0 248520 0 1.000000 10 10 4000 12536 3 10 100 40000 95367 66 26400 54422 10 4000 13085 10 4000 4214
1697222625706091 10 0 1 9 10 10 0 0 0 0 0 0 0 65 65 0 120 120 55 0 0 0 130962 22479 0 2716 183052 8339 48607219 339808 19123 1164189394 1164189394 0 248520 0 1.000000 10 10 4000 12355 3 10 100 40000 95367 65 26000 54000 10 4000 13085 10 4000 4214
1697222625752360 10 0 1 9 10 10 0 0 0 0 0 0 0 64 64 0 120 120 56 0 0 0 130963 22947 0 2765 183127 8370 48652707 339969 19123 1184823426 1184823426 0 248520 0 1.000000 10 10 4000 12174 3 10 100 40000 95367 64 25600 53579 10 4000 13085 10 4000 4214
1697222625795025 10 0 1 9 10 10 0 0 0 0 0 0 0 63 63 0 120 120 57 0 0 0 130964 23346 0 2812 183200 8405 48694601 340182 19123 1205471941 1205471941 0 248520 0 1.000000 10 10 4000 11993 3 10 100 40000 95367 63 25200 53157 10 4000 13085 10 4000 4214
1697222625835429 10 0 1 9 10 10 0 0 0 0 0 0 0 62 62 0 120 120 58 0 0 0 130965 23753 0 2856 183264 8431 48734309 340339 19123 1226092005 1226092005 0 248520 0 1.000000 10 10 4000 11813 3 10 100 40000 95367 62 24800 52735 10 4000 13085 10 4000 4214
1697222625851540 10 0 1 9 10 10 0 0 0 0 0 0 0 61 61 0 120 120 59 0 0 0 130966 24086 0 2897 183304 8458 48749838 340471 19123 1246799899 1246799899 0 248520 0 1.000000 10 10 4000 11632 3 10 100 40000 95367 61 24400 52313 10 4000 13085 10 4000 4214
1697222625884312 10 0 1 9 10 10 0 0 0 0 0 0 0 60 60 0 120 120 60 0 0 0 130967 24507 0 2965 183345 8501 48781959 340569 19123 1267552241 1267552241 0 248520 0 1.000000 10 10 4000 11451 3 10 100 40000 95367 60 24000 51891 10 4000 13085 10 4000 4214
1697222626024211 10 0 1 9 10 10 0 0 0 0 0 0 0 59 59 0 120 120 61 0 0 0 130967 24909 0 3008 183428 8549 48921182 340651 19123 1288361916 1288361916 0 248520 0 1.000000 10 10 4000 11270 3 10 100 40000 95367 59 23600 51469 10 4000 13085 10 4000 4214
1697222626075391 10 0 1 9 10 10 0 0 0 0 0 0 0 58 58 0 120 120 62 0 0 0 130969 25271 0 3056 183482 8575 48971758 340771 19123 1309296394 1309296394 0 248520 0 1.000000 10 10 4000 11089 3 10 100 40000 95367 58 23200 51047 10 4000 13085 10 4000 4214
1697222626078024 10 0 1 9 10 10 0 0 0 0 0 0 0 57 57 0 120 120 63 0 0 0 130970 25678 0 3101 183519 8599 48973743 340904 19123 1330251603 1330251603 0 248520 0 1.000000 10 10 4000 10908 3 10 100 40000 95367 57 22800 50626 10 4000 13085 10 4000 4214
1697222626103234 10 0 1 9 10 10 0 0 0 0 0 0 0 56 56 0 120 120 64 0 0 0 130972 26034 0 3145 183562 8622 48998427 340960 19123 1351226615 1351226615 0 248520 0 1.000000 10 10 4000 10727 3 10 100 40000 95367 56 22400 50204 10 4000 13085 10 4000 4214
1697222626228004 10 0 1 9 10 10 0 0 0 0 0 0 0 55 55 0 120 120 65 0 0 0 130972 26436 0 3199 183640 8648 49122554 341063 19123 1372337325 1372337325 0 248520 0 1.000000 10 10 4000 10547 3 10 100 40000 95367 55 22000 49783 10 4000 13085 10 4000 4214
1697222626243205 10 0 1 9 10 10 0 0 0 0 0 0 0 54 54 0 120 120 66 0 0 0 130974 26790 0 3244 183701 8675 49137134 341199 19123 1393369809 1393369809 0 248520 0 1.000000 10 10 4000 10366 3 10 100 40000 95367 54 21600 49361 10 4000 13085 10 4000 4214
1697222626313783 10 0 1 9 10 10 0 0 0 0 0 0 0 53 53 0 120 120 67 0 0 0 130975 27196 0 3292 183778 8716 49207013 341329 19123 1414538874 1414538874 0 248520 0 1.000000 10 10 4000 10185 3 10 100 40000 95367 53 21200 48939 10 4000 13085 10 4000 4214
1697222626428806 10 0 1 9 10 10 0 0 0 0 0 0 0 52 52 0 120 120 68 0 0 0 130976 27629 0 3342 183868 8746 49321278 341491 19123 1435825699 1435825699 0 248520 0 1.000000 10 10 4000 10004 3 10 100 40000 95367 52 20800 48517 10 4000 13085 10 4000 4214
1697222626441083 10 0 1 9 10 10 0 0 0 0 0 0 0 51 51 0 120 120 69 0 0 0 130977 28010 0 3385 183927 8771 49332889 341649 19123 1457140340 1457140340 0 248520 0 1.000000 10 10 4000 9823 3 10 100 40000 95367 51 20400 48095 10 4000 13085 10 4000 4214
1697222626450607 10 0 1 9 10 10 0 0 0 0 0 0 0 50 50 0 120 120 70 0 0 0 130978 28473 0 3434 183962 8796 49341714 341789 19123 1478448079 1478448079 0 248520 0 1.000000 10 10 4000 9642 3 10 100 40000 95367 50 20000 47673 10 4000 13085 10 4000 4214
1697222626461467 10 0 1 9 10 10 0 0 0 0 0 0 0 49 49 0 120 120 71 0 0 0 130978 28869 0 3482 184009 8819 49351832 342026 19123 1499795134 1499795134 0 248520 0 1.000000 10 10 4000 9462 3 10 100 40000 95367 49 19600 47252 10 4000 13085 10 4000 4214
1697222626473145 10 0 1 9 10 10 0 0 0 0 0 0 0 48 48 0 120 120 72 0 0 0 130979 29257 0 3527 184050 8845 49362957 342087 19123 1521148262 1521148262 0 248520 0 1.000000 10 10 4000 9280 3 10 100 40000 95367 48 19200 46831 10 4000 13085 10 4000 4214
1697222626518852 10 0 1 9 10 10 0 0 0 0 0 0 0 47 47 0 120 120 73 0 0 0 130979 29649 0 3574 184111 8871 49408091 342145 19123 1542545219 1542545219 0 248520 0 1.000000 10 10 4000 9099 3 10 100 40000 95367 47 18800 46410 10 4000 13085 10 4000 4214
1697222626569549 10 0 1 9 10 10 0 0 0 0 0 0 0 46 46 0 120 120 74 0 0 0 130979 29995 0 3617 184163 8894 49458229 342247 19123 1563987424 1563987424 0 248520 0 1.000000 10 10 4000 8918 3 10 100 40000 95367 46 18400 45988 10 4000 13085 10 4000 4214
1697222626571563 10 0 1 9 10 10 0 0 0 0 0 0 0 45 45 0 120 120 75 0 0 0 130982 30387 0 3662 184203 8917 49459677 342322 19123 1585439899 1585439899 0 248520 0 1.000000 10 10 4000 8738 3 10 100 40000 95367 45 18000 45567 10 4000 13085 10 4000 4214
1697222626725282 10 0 1 9 10 10 0 0 0 0 0 0 0 44 44 0 120 120 76 0 0 0 130984 30772 0 3708 184268 8944 49612821 342370 19123 1607034106 1607034106 0 248520 0 1.000000 10 10 4000 8557 3 10 100 40000 95367 44 17600 45145 10 4000 13085 10 4000 4214
1697222626894791 10 0 1 9 10 10 0 0 0 0 0 0 0 43 43 0 120 120 77 0 0 0 130986 31175 0 3759 184338 8995 49781640 342491 19123 1628799604 1628799604 0 248520 0 1.000000 10 10 4000 8376 3 10 100 40000 95367 43 17200 44723 10 4000 13085 10 4000 4214
1697222626937673 10 0 2 8 10 10 0 0 0 0 0 0 0 42 42 0 120 120 78 0 0 0 130988 31542 0 3805 184390 9021 49823903 342624 19123 1650589901 1650589901 0 248520 0 1.000000 10 10 4000 8195 3 10 100 40000 95367 42 16800 44301 10 4000 13085 10 4000 4214
1697222626979024 10 0 2 8 10 10 0 0 0 0 0 0 0 41 41 0 120 120 79 0 0 0 130989 31905 0 3850 184431 9048 49864596 342812 19123 1672443393 1672443393 0 248520 0 1.000000 10 10 4000 8014 3 10 100 40000 95367 41 16400 43879 10 4000 13085 10 4000 4214
1697222627072146 10 0 2 8 10 10 0 0 0 0 0 0 0 40 40 0 120 120 80 0 0 0 130991 32323 0 3894 184493 9073 49957104 342882 19123 1694297449 1694297449 0 248520 0 1.000000 10 10 4000 7833 3 10 100 40000 95367 40 16000 43457 10 4000 13085 10 4000 4214
1697222627123547 10 0 2 8 10 10 0 0 0 0 0 0 0 39 39 0 120 120 81 0 0 0 130993 32807 0 3941 184573 9103 50007663 343073 19123 1716203747 1716203747 0 248520 0 1.000000 10 10 4000 7653 3 10 100 40000 95367 39 15600 43035 10 4000 13085 10 4000 4214
1697222627160302 10 0 2 8 10 10 0 0 0 0 0 0 0 38 38 0 120 120 82 0 0 0 130994 33322 0 3986 184722 9149 50043360 343377 19123 1738144874 1738144874 0 248520 0 1.000000 10 10 4000 7472 3 10 100 40000 95367 38 15200 42613 10 4000 13085 10 4000 4214
1697222627175931 10 0 2 8 10 10 0 0 0 0 0 0 0 37 37 0 120 120 83 0 0 0 130996 34004 0 4081 184799 9225 50057821 343646 19123 1760108699 1760108699 0 248520 0 1.000000 10 10 4000 7291 3 10 100 40000 95367 37 14800 42191 10 4000 13085 10 4000 4214
1697222627579959 10 0 2 8 10 10 0 0 0 0 0 0 0 36 36 0 120 120 84 0 0 0 130996 34417 0 4125 184870 9254 50461223 343701 19123 1782565010 1782565010 0 248520 0 1.000000 10 10 4000 7110 3 10 100 40000 95367 36 14400 41769 10 4000 13085 10 4000 4214
1697222627732790 10 0 2 8 10 10 0 0 0 0 0 0 0 35 35 0 120 120 85 0 0 0 130997 34840 0 4173 184944 9293 50613316 343857 19123 1805084182 1805084182 0 248520 0 1.000000 10 10 4000 6929 3 10 100 40000 95367 35 14000 41347 10 4000 13085 10 4000 4214
1697222627745074 10 0 2 8 10 10 0 0 0 0 0 0 0 34 34 0 120 120 86 0 0 0 130998 35250 0 4219 184991 9320 50624882 344053 19123 1827713909 1827713909 0 248520 0 1.000000 10 10 4000 6749 3 10 100 40000 95367 34 13600 40926 10 4000 13085 10 4000 4214
1697222627955589 10 0 3 7 10 10 0 0 0 0 0 0 0 33 33 0 120 120 87 0 0 0 131000 35768 0 4285 185066 9353 50834652 344129 19123 1850539238 1850539238 0 248520 0 1.000000 10 10 4000 6568 3 10 100 40000 95367 33 13200 40504 10 4000 13085 10 4000 4214
1697222628025277 10 0 3 7 10 10 0 0 0 0 0 0 0 32 32 0 120 120 88 0 0 0 131001 36215 0 4345 185130 9381 50903521 344362 19123 1873448135 1873448135 0 248520 0 1.000000 10 10 4000 6387 3 10 100 40000 95367 32 12800 40083 10 4000 13085 10 4000 4214
1697222628048098 10 0 4 6 10 10 0 0 0 0 0 0 0 31 31 0 120 120 89 0 0 0 131003 36611 0 4390 185184 9409 50925674 344510 19123 1896279966 1896279966 0 248520 0 1.000000 10 10 4000 6206 3 10 100 40000 95367 31 12400 39661 10 4000 13085 10 4000 4214
1697222629738461 10 0 5 5 10 10 0 0 0 0 0 0 0 30 30 0 120 120 90 0 0 0 131007 37072 0 4445 185283 9439 52615276 344635 19123 1920897332 1920897332 0 248520 0 1.000000 10 10 4000 6026 3 10 100 40000 95367 30 12000 39240 10 4000 13085 10 4000 4214
1697222630561097 10 0 5 5 10 10 0 0 0 0 0 0 0 29 29 0 120 120 91 0 0 0 131009 37442 0 4491 185368 9468 53437234 344781 19123 1941237319 1941237319 0 248520 0 1.000000 10 10 4000 5845 3 10 100 40000 95367 29 11600 37932 10 4000 13085 10 4000 4214
1697222630626065 10 0 5 5 10 10 0 0 0 0 0 0 0 28 28 0 120 120 92 0 0 0 131010 37834 0 4548 185468 9498 53501503 344912 19123 1961645322 1961645322 0 248520 0 1.000000 10 10 4000 5845 2 10 100 40000 95367 28 11200 36624 10 4000 13085 10 4000 4214
1697222630760432 10 0 5 5 10 10 0 0 0 0 0 0 0 27 27 0 120 120 93 0 0 0 131012 38206 0 4592 185550 9526 53635173 345074 19123 1982189357 1982189357 0 248520 0 1.000000 10 10 4000 5845 2 10 100 40000 95367 27 10800 35316 10 4000 13085 10 4000 4214
1697222630960278 10 0 5 5 10 10 0 0 0 0 0 0 0 26 26 0 120 120 94 0 0 0 131013 38564 0 4638 185625 9553 53834383 345206 19123 2002927793 2002927793 0 248520 0 1.000000 10 10 4000 5845 2 10 100 40000 95367 26 10400 34008 10 4000 13085 10 4000 4214
1697222631395135 10 0 5 5 10 10 0 0 0 0 0 0 0 25 25 0 120 120 95 0 0 0 131015 38945 0 4683 185728 9582 54268542 345347 19123 2024102565 2024102565 0 248520 0 1.000000 10 10 4000 5845 2 10 100 40000 95367 25 10000 32700 10 4000 13085 10 4000 4214
1697222631418814 10 0 5 5 10 10 0 0 0 0 0 0 0 24 24 0 120 120 96 0 0 0 131017 39282 0 4724 185775 9608 54291623 345491 19123 2045305882 2045305882 0 248520 0 1.000000 10 10 4000 5845 2 10 100 40000 95367 24 9600 31392 10 4000 13085 10 4000 4214
1697222631635006 10 0 5 5 10 10 0 0 0 0 0 0 0 23 23 0 120 120 97 0 0 0 131018 39671 0 4769 185852 9637 54507191 345582 19123 2066721309 2066721309 0 248520 0 1.000000 10 10 4000 5845 2 10 100 40000 95367 23 9200 30084 10 4000 13085 10 4000 4214
1697222631711886 10 0 5 5 10 10 0 0 0 0 0 0 0 22 22 0 120 120 98 0 0 0 131020 39997 0 4827 185897 9662 54583496 345712 19123 2088214505 2088214505 0 248520 0 1.000000 10 10 4000 5846 2 10 100 40000 95367 22 8800 28776 10 4000 13085 10 4000 4214
1697222631879112 10 0 5 5 10 10 0 0 0 0 0 0 0 21 21 0 120 120 99 0 0 0 131020 40324 0 4869 185954 9689 54750215 345772 19123 2109876489 2109876489 0 248520 0 1.000000 10 10 4000 5846 2 10 100 40000 95367 21 8400 27468 10 4000 13085 10 4000 4214
1697222632736038 10 0 6 4 10 10 0 0 0 0 0 0 0 20 20 0 120 120 100 0 0 0 131021 40725 0 4916 186062 9718 55606497 345839 19123 2132389822 2132389822 0 248520 0 1.000000 10 10 4000 5846 2 10 100 40000 95367 20 8000 26160 10 4000 13085 10 4000 4214
1697222640261748 10 0 6 4 10 10 0 0 0 0 0 0 0 20 19 1 120 120 100 0 0 0 131043 40759 0 4916 186195 14500 63126574 346113 19123 2152951622 2132389822 0 248520 0 1.000000 10 10 4000 6027 2 10 100 40000 95367 20 8000 26160 10 4000 13085 10 4000 4214
1697222640262007 10 0 6 4 10 10 0 0 0 0 0 0 0 19 19 0 120 120 101 0 0 0 131043 41320 0 4963 186195 14529 63126574 346113 19123 2152951622 2152951622 0 248520 0 1.000000 10 10 4000 6027 2 10 100 40000 95367 19 7600 24852 10 4000 13085 10 4000 4214
1697222640339663 10 0 6 4 10 10 0 0 0 0 0 0 0 18 18 0 120 120 102 0 0 0 131045 41723 0 5008 186283 14557 63203416 346373 19123 2173278274 2173278274 0 248520 0 1.000000 10 10 4000 6207 11690 1149 100 40000 95367 18 7200 23544 10 4000 13085 10 4000 4214
1697222640402679 10 0 6 4 10 10 0 0 0 0 0 0 0 17 17 0 120 120 103 0 0 0 131046 42084 0 5050 186325 14582 63265809 346527 19123 2193667070 2193667070 0 248520 0 1.000000 10 10 4000 6388 13072 2313 100 40000 95367 17 6800 22236 10 4000 13085 10 4000 4214
1697222640515324 10 0 6 4 10 10 0 0 0 0 0 0 0 16 16 0 120 120 104 0 0 0 131048 42445 0 5095 186377 14633 63377864 346615 19123 2213688261 2213688261 0 248520 0 1.000000 10 10 4000 6569 9980 3062 100 40000 95367 16 6400 20928 10 4000 13085 10 4000 4214
1697222640541823 10 0 6 4 10 10 0 0 0 0 0 0 0 15 15 0 120 120 105 0 0 0 131049 42776 0 5138 186423 14658 63403809 346731 19123 2234181667 2234181667 0 248520 0 1.000000 10 10 4000 6750 14744 4202 100 40000 95367 15 6000 19620 10 4000 13085 10 4000 4214
1697222641000352 10 0 6 4 10 10 0 0 0 0 0 0 0 14 14 0 120 120 106 0 0 0 131050 43194 0 5184 186511 14683 63861703 346796 19123 2255104360 2255104360 0 248520 0 1.000000 10 10 4000 6931 12971 5058 100 40000 95367 14 5600 18312 10 4000 13085 10 4000 4214
1697222641092066 10 0 6 4 10 10 0 0 0 0 0 0 0 13 13 0 120 120 107 0 0 0 131050 43578 0 5229 186583 14713 63952723 346960 19123 2275992657 2275992657 0 248520 0 1.000000 10 10 4000 7112 14005 5931 100 40000 95367 13 5200 17004 10 4000 13085 10 4000 4214
1697222641144349 10 0 6 4 10 10 0 0 0 0 0 0 0 12 12 0 120 120 108 0 0 0 131050 43917 0 5279 186625 14739 64004391 347115 19123 2296583405 2296583405 0 248520 0 1.000000 10 10 4000 7293 13880 6707 100 40000 95367 12 4800 15696 10 4000 13085 10 4000 4214
1697222641236578 10 0 6 4 10 10 0 0 0 0 0 0 0 11 11 0 120 120 109 0 0 0 131052 44261 0 5324 186679 14766 64096083 347189 19123 2317178739 2317178739 0 248520 0 1.000000 10 10 4000 7473 14491 7467 100 40000 95367 11 4400 14388 10 4000 13085 10 4000 4214
1697222641267506 10 0 6 4 10 10 0 0 0 0 0 0 0 10 10 0 120 120 110 0 0 0 131053 44784 0 5398 186737 14818 64126215 347289 19123 2338920499 2338920499 0 248520 0 1.000000 10 10 4000 7654 14796 8183 100 40000 95367 10 4000 13080 10 4000 13085 10 4000 4214
1697222641312590 10 0 7 3 10 10 0 0 0 0 0 0 0 9 9 0 120 120 111 0 0 0 131054 45137 0 5444 186780 14843 64170759 347355 19123 2359896632 2359896632 0 248520 0 1.000000 10 10 4000 7835 12648 8620 100 40000 95367 9 3600 11772 10 4000 13085 10 4000 4214
1697222641430660 10 0 7 3 10 10 0 0 0 0 0 0 0 8 8 0 120 120 112 0 0 0 131055 45480 0 5494 186836 14867 64288298 347424 19123 2381158944 2381158944 0 248520 0 1.000000 10 10 4000 8016 14031 9148 100 40000 95367 8 3200 10464 10 4000 13085 10 4000 4214
1697222641776610 10 0 7 3 10 10 0 0 0 0 0 0 0 7 7 0 120 120 113 0 0 0 131055 45865 0 5540 186916 14898 64633625 347510 19123 2402260970 2402260970 0 248520 0 1.000000 10 10 4000 8197 14654 9686 100 40000 95367 7 2800 9156 10 4000 13085 10 4000 4214
1697222641798170 10 0 7 3 10 10 0 0 0 0 0 0 0 6 6 0 120 120 114 0 0 0 131056 46205 0 5582 186958 14924 64654575 347671 19123 2423881874 2423881874 0 248520 0 1.000000 10 10 4000 8378 14594 10166 100 40000 95367 6 2400 7848 10 4000 13085 10 4000 4214
1697222641883020 10 0 7 3 10 10 0 0 0 0 0 0 0 5 5 0 120 120 115 0 0 0 131056 46558 0 5627 187020 14950 64738886 347723 19123 2445348505 2445348505 0 248520 0 1.000000 10 10 4000 8559 11043 10252 100 40000 95367 5 2000 6540 10 4000 13085 10 4000 4214
1697222642165645 11 0 8 3 11 11 0 0 0 0 0 0 0 4 4 0 120 120 116 0 0 0 131067 46949 0 5671 187534 14986 65020384 347848 19123 2467137816 2467137816 0 248520 0 1.000000 10 10 4000 8739 15534 10768 198 50000 138304 4 1600 5232 98 10000 42937 10 4000 4214
1697222642473289 11 0 9 2 11 11 0 0 0 0 0 0 0 3 3 0 120 120 117 0 0 0 131068 47344 0 5717 187610 15013 65327266 348070 19123 2488935015 2488935015 0 248520 0 1.000000 10 10 4000 8920 11517 10842 198 50000 138304 3 1200 3924 98 10000 42937 10 4000 4214
1697222643776715 11 0 9 2 11 11 0 0 0 0 0 0 0 2 2 0 120 120 118 0 0 0 131070 47759 0 5764 187738 15047 66629914 348226 19123 2512514792 2512514792 0 248520 0 1.000000 10 10 4000 9101 10480 10807 198 50000 138304 2 800 2616 98 10000 42937 10 4000 4214
1697222643946337 11 0 10 1 11 11 0 0 0 0 0 0 0 1 1 0 120 120 119 0 0 0 131071 48144 0 5825 187843 15075 66798779 348412 19123 2535711762 2535711762 0 248520 0 1.000000 10 10 4000 9282 14405 11158 198 50000 138304 1 400 1308 98 10000 42937 10 4000 4214
1697222644467454 11 0 11 0 11 11 0 0 0 0 0 0 0 0 0 0 120 120 120 0 0 0 131072 48561 0 5870 187926 15102 67319177 348558 19123 2559897559 2559897559 0 248520 0 1.000000 10 10 4000 9463 15824 11614 198 50000 138304 0 0 0 98 10000 42937 10 4000 4214
1697222644474343 0 0 0 0 0 11 11 11 0 0 0 0 0 0 0 0 120 120 120 0 0 0 131072 48561 0 5870 187926 15102 67319177 348558 19123 2559897559 2559897559 0 248520 0 1.000000 10 10 4000 9644 16200 11844 0 0 0 0 0 0 0 0 0 0 0 0
