# timestamp workers_connected workers_init workers_idle workers_busy workers_able workers_joined workers_removed workers_released workers_idled_out workers_blocked workers_slow workers_lost tasks_waiting tasks_on_workers tasks_running tasks_with_results tasks_submitted tasks_dispatched tasks_done tasks_failed tasks_cancelled tasks_exhausted_attempts time_send time_receive time_send_good time_receive_good time_status_msgs time_internal time_polling time_application time_scheduling time_execute time_execute_good time_execute_exhaustion bytes_sent bytes_received bandwidth capacity_tasks capacity_cores capacity_memory capacity_disk capacity_instantaneous capacity_weighted total_cores total_memory total_disk committed_cores committed_memory committed_disk max_cores max_memory max_disk min_cores min_memory min_disk
1697463750467068 0 0 0 0 0 0 0 0 0 0 0 0 0 0 0 0 0 0 0 0 0 0 0 0 0 0 0 0 0 0 0 0 0 0 0 0 1.000000 0 0 0 0 0 0 0 0 0 0 0 0 0 0 0 0 0 0
1697463750467723 0 0 0 0 0 0 0 0 0 0 0 0 0 0 0 0 0 0 0 0 0 0 0 0 0 0 0 0 0 0 0 0 0 0 0 0 1.000000 10 10 5120 10240 10 10 0 0 0 0 0 0 0 0 0 0 0 0
1697463830975568 1 0 0 1 1 1 0 0 0 0 0 0 199 1 1 0 200 0 0 0 0 0 4995 146 0 0 611 12482 80174679 313937 18 0 0 0 2071 0 1.000000 10 10 5120 10240 10 10 1 512 13080 0 0 0 1 512 13080 1 512 13080
1697463835276758 10 0 9 1 10 10 0 0 0 0 0 0 199 1 1 0 200 1 0 0 0 0 110470 209 0 0 3911 12833 84367396 313937 75524 0 0 0 2071 0 1.000000 10 10 5120 10240 10 10 10 5120 95384 1 512 13080 1 512 13085 1 512 4216
1697463843576789 10 0 8 2 10 10 0 0 0 0 0 0 198 2 2 0 200 1 0 0 0 0 126023 227 0 0 6061 12926 92648798 313990 87315 0 0 0 4142 0 1.000000 10 10 5120 10240 10 10 10 5120 95384 1 512 13080 1 512 13085 1 512 4216
1697463845583897 10 0 6 4 10 10 0 0 0 0 0 0 196 4 4 0 200 4 0 0 0 0 133310 230 0 0 6064 12954 94649250 313990 91104 0 0 0 8284 0 1.000000 10 10 5120 10240 10 10 10 5120 95384 4 2048 25752 1 512 13085 1 512 4216
1697463850701977 10 0 0 10 10 10 0 0 0 0 0 0 190 10 10 0 200 10 0 0 0 0 159415 253 0 0 7101 13060 99739923 314037 98441 0 0 0 20710 0 1.000000 10 10 5120 10240 10 10 10 5120 95384 10 5120 95384 1 512 13085 1 512 4216
1697463871122483 10 0 0 10 10 10 0 0 0 0 0 0 190 10 9 1 200 10 0 0 0 0 236773 324 0 0 160958 18830 119922936 314112 98441 19103061 0 0 20710 0 1.000000 10 10 5120 10240 10 10 10 5120 95384 10 5120 95384 1 512 13085 1 512 4216
1697463871122903 10 0 1 9 10 10 0 0 0 0 0 0 190 9 9 0 200 10 1 0 0 0 236773 865 0 87 160958 18974 119922936 314112 98441 19103061 19103061 0 20710 0 1.000000 10 10 5120 10240 10 10 10 5120 95384 9 4608 82308 1 512 13085 1 512 4216
1697463871508357 10 0 1 9 10 10 0 0 0 0 0 0 189 9 9 0 200 11 2 0 0 0 238626 1254 0 176 161030 19111 120305553 314465 98463 37709058 37709058 0 22781 0 1.000000 10 10 5120 130760 4 10 10 5120 95384 9 4608 82303 1 512 13085 1 512 4216
1697463872225094 10 0 1 9 10 10 0 0 0 0 0 0 188 9 9 0 200 12 3 0 0 0 240307 1754 0 236 161132 19147 121019861 314542 98479 55233629 55233629 0 24852 0 1.000000 10 10 5120 130785 4 10 10 5120 95384 9 4608 82303 1 512 13085 1 512 4216
1697463874034382 10 0 1 9 10 10 0 0 0 0 0 0 187 9 9 0 200 13 4 0 0 0 243350 2237 0 306 161238 19207 122825327 314637 98495 76821608 76821608 0 26923 0 1.000000 10 10 5120 130794 3 10 10 5120 95384 9 4608 91152 1 512 13085 1 512 4216
1697463876476415 10 0 1 9 10 10 0 0 0 0 0 0 186 9 9 0 200 14 5 0 0 0 255067 2675 0 371 161870 19303 125254251 314817 98511 94783607 94783607 0 28994 0 1.000000 10 10 5120 108675 3 10 10 5120 95384 9 4608 82304 1 512 13085 1 512 4216
1697463876995907 10 0 1 9 10 10 0 0 0 0 0 0 185 9 9 0 200 15 6 0 0 0 256793 3051 0 430 161964 19343 125771362 314928 98526 123084097 123084097 0 31065 0 1.000000 10 10 5120 113100 2 10 10 5120 95384 9 4608 82304 1 512 13085 1 512 4216
1697463878027457 10 0 1 9 10 10 0 0 0 0 0 0 184 9 9 0 200 16 7 0 0 0 259623 3434 0 498 162029 19388 126799475 314996 98544 142311516 142311516 0 33136 0 1.000000 10 10 5120 116050 2 10 10 5120 95384 9 4608 82299 1 512 13085 1 512 4216
1697463879347828 10 0 1 9 10 10 0 0 0 0 0 0 183 9 9 0 200 17 8 0 0 0 264702 3848 0 557 162307 19441 128113844 315114 98570 166946310 166946310 0 35207 0 1.000000 10 10 5120 118165 2 10 10 5120 95384 9 4608 91168 1 512 13085 1 512 4216
1697463879551044 10 0 1 9 10 10 0 0 0 0 0 0 182 9 9 0 200 18 9 0 0 0 266397 4769 0 628 162359 19476 128314192 315229 98585 187031733 187031733 0 37278 0 1.000000 10 10 5120 108664 3 10 10 5120 95384 9 4608 91160 1 512 13085 1 512 4216
1697463879710507 10 0 1 9 10 10 0 0 0 0 0 0 181 9 9 0 200 19 10 0 0 0 268070 5185 0 708 162399 19512 128471302 315384 98601 208948506 208948506 0 39349 0 1.000000 10 10 5120 101284 2 10 10 5120 95384 9 4608 91155 1 512 13085 1 512 4216
1697463884014092 10 0 0 10 10 10 0 0 0 0 0 0 180 10 10 0 200 20 10 0 0 0 286555 5210 0 708 163317 19614 132755180 315500 98617 208948506 208948506 0 41420 0 1.000000 10 10 5120 95384 3 10 10 5120 95384 10 5120 95384 1 512 13085 1 512 4216
1697463893940608 10 0 0 10 10 10 0 0 0 0 0 0 180 10 9 1 200 20 10 0 0 0 302241 5223 0 708 163618 19698 142665346 315547 98617 228051194 208948506 0 41420 0 1.000000 10 10 5120 95384 3 10 10 5120 95384 10 5120 95384 1 512 13085 1 512 4216
1697463893940883 10 0 1 9 10 10 0 0 0 0 0 0 180 9 9 0 200 20 11 0 0 0 302241 5605 0 779 163618 19759 142665346 315547 98617 228051194 228051194 0 41420 0 1.000000 10 10 5120 95384 3 10 10 5120 95384 9 4608 82308 1 512 13085 1 512 4216
1697463894894006 10 0 1 9 10 10 0 0 0 0 0 0 179 9 9 0 200 21 12 0 0 0 303936 6073 0 853 163722 19795 143615983 315702 98632 247084154 247084154 0 43491 0 1.000000 10 10 5120 98600 6 10 10 5120 95384 9 4608 82303 1 512 13085 1 512 4216
1697463895035315 10 0 1 9 10 10 0 0 0 0 0 0 178 9 9 0 200 22 13 0 0 0 305690 6441 0 927 163771 19833 143754936 315815 98670 266930056 266930056 0 45562 0 1.000000 10 10 5120 101285 6 10 10 5120 95384 9 4608 82303 1 512 13085 1 512 4216
1697463898855629 10 0 1 9 10 10 0 0 0 0 0 0 177 9 9 0 200 23 14 0 0 0 319446 6894 0 989 164374 19928 147560197 315914 98687 285584777 285584777 0 47633 0 1.000000 10 10 5120 103556 6 10 10 5120 95384 9 4608 82304 1 512 13085 1 512 4216
1697463899550640 10 0 1 9 10 10 0 0 0 0 0 0 176 9 9 0 200 24 15 0 0 0 321141 7365 0 1056 164462 19977 148252781 316004 98702 306786303 306786303 0 49704 0 1.000000 10 10 5120 105502 6 10 10 5120 95384 9 4608 91152 1 512 13085 1 512 4216
1697463900443748 10 0 1 9 10 10 0 0 0 0 0 0 175 9 9 0 200 25 16 0 0 0 322887 7881 0 1118 164571 20016 149143291 316153 98718 326279069 326279069 0 51775 0 1.000000 10 10 5120 101290 5 10 10 5120 95384 9 4608 82304 1 512 13085 1 512 4216
1697463901654704 10 0 1 9 10 10 0 0 0 0 0 0 174 9 9 0 200 26 17 0 0 0 325944 8650 0 1197 164661 20062 150350150 316250 98734 346251635 346251635 0 53846 0 1.000000 10 10 5120 103134 5 10 10 5120 95384 9 4608 82299 1 512 13085 1 512 4216
1697463905056854 10 0 1 9 10 10 0 0 0 0 0 0 173 9 9 0 200 27 18 0 0 0 338754 9396 0 1261 165232 20141 153737459 316831 98751 367293472 367293472 0 55917 0 1.000000 10 10 5120 104765 6 10 10 5120 95384 9 4608 91160 1 512 13085 1 512 4216
1697463905104330 10 0 1 9 10 10 0 0 0 0 0 0 172 9 9 0 200 28 19 0 0 0 340398 10091 0 1395 165318 20189 153782329 316924 98767 388329479 388329479 0 57988 0 1.000000 10 10 5120 101291 5 10 10 5120 95384 9 4608 91155 1 512 13085 1 512 4216
1697463906247266 10 0 1 9 10 10 0 0 0 0 0 0 171 9 9 0 200 29 20 0 0 0 345342 10637 0 1460 165589 20251 154919308 317012 98783 410755594 410755594 0 60059 0 1.000000 10 10 5120 98186 5 10 10 5120 95384 9 4608 91168 1 512 13085 1 512 4216
1697463911724533 10 0 0 10 10 10 0 0 0 0 0 0 170 10 10 0 200 30 20 0 0 0 363147 10655 0 1460 166170 20326 160377752 317279 98798 410755594 410755594 0 62130 0 1.000000 10 10 5120 95384 6 10 10 5120 95384 10 5120 95384 1 512 13085 1 512 4216
1697463916019400 10 0 1 9 10 10 0 0 0 0 0 0 170 9 9 0 200 30 21 0 0 0 367778 11150 0 1530 166265 20353 164667296 317294 98798 429142580 429142580 0 62130 0 1.000000 10 10 5120 95384 6 10 10 5120 95384 9 4608 82308 1 512 13085 1 512 4216
1697463917555956 10 0 1 9 10 10 0 0 0 0 0 0 169 9 9 0 200 31 22 0 0 0 370531 11627 0 1594 166356 20421 166200310 317412 98813 447976622 447976622 0 64201 0 1.000000 10 10 5120 97069 5 10 10 5120 95384 9 4608 82303 1 512 13085 1 512 4216
1697463917937663 10 0 1 9 10 10 0 0 0 0 0 0 168 9 9 0 200 32 23 0 0 0 372205 11989 0 1656 166401 20455 166579690 317578 98842 467370115 467370115 0 66272 0 1.000000 10 10 5120 98603 6 10 10 5120 95384 9 4608 82303 1 512 13085 1 512 4216
1697463920449906 10 0 1 9 10 10 0 0 0 0 0 0 167 9 9 0 200 33 24 0 0 0 378657 12366 0 1719 166664 20511 169084621 317699 98857 485267752 485267752 0 68343 0 1.000000 10 10 5120 100003 6 10 10 5120 95384 9 4608 82304 1 512 13085 1 512 4216
1697463922420965 10 0 1 9 10 10 0 0 0 0 0 0 166 9 9 0 200 34 25 0 0 0 387064 12759 0 1787 167086 20570 171046291 317770 98872 503280829 503280829 0 70414 0 1.000000 10 10 5120 101286 5 10 10 5120 95384 9 4608 82304 1 512 13085 1 512 4216
1697463924413369 10 0 1 9 10 10 0 0 0 0 0 0 165 9 9 0 200 35 26 0 0 0 393484 13216 0 1879 167389 20639 173031329 317845 98890 522382718 522382718 0 72485 0 1.000000 10 10 5120 102467 5 10 10 5120 95384 9 4608 82299 1 512 13085 1 512 4216
1697463926263389 10 0 1 9 10 10 0 0 0 0 0 0 164 9 9 0 200 36 27 0 0 0 396275 13681 0 2009 167439 20677 174877739 318070 98906 544851308 544851308 0 74556 0 1.000000 10 10 5120 103559 6 10 10 5120 95384 9 4608 91152 1 512 13085 1 512 4216
1697463929907922 10 0 1 9 10 10 0 0 0 0 0 0 163 9 9 0 200 37 28 0 0 0 407201 14645 0 2072 167842 20764 178509786 318139 98922 565229535 565229535 0 76627 0 1.000000 10 10 5120 101290 6 10 10 5120 95384 9 4608 91160 1 512 13085 1 512 4216
1697463930457345 10 0 1 9 10 10 0 0 0 0 0 0 162 9 9 0 200 38 29 0 0 0 408954 15011 0 2134 167924 26240 179051199 318246 98937 586298531 586298531 0 78698 0 1.000000 10 10 5120 97220 5 10 10 5120 95384 9 4608 91155 1 512 13085 1 512 4216
1697463931198588 10 0 1 9 10 10 0 0 0 0 0 0 161 9 9 0 200 39 30 0 0 0 414310 15388 0 2189 168239 26557 179785516 318573 98960 606775834 606775834 0 80769 0 1.000000 10 10 5120 97220 5 10 10 5120 95384 9 4608 91168 1 512 13085 1 512 4216
1697463936714841 10 0 0 10 10 10 0 0 0 0 0 0 160 10 10 0 200 40 30 0 0 0 430998 15406 0 2189 168884 26652 185284072 318730 98976 606775834 606775834 0 82840 0 1.000000 10 10 5120 95384 5 10 10 5120 95384 10 5120 95384 1 512 13085 1 512 4216
1697463938073050 10 0 1 9 10 10 0 0 0 0 0 0 160 9 9 0 200 40 31 0 0 0 432308 15829 0 2252 168988 26692 186640326 318762 98976 625136320 625136320 0 82840 0 1.000000 10 10 5120 95384 5 10 10 5120 95384 9 4608 82308 1 512 13085 1 512 4216
1697463939987388 10 0 1 9 10 10 0 0 0 0 0 0 159 9 9 0 200 41 32 0 0 0 435129 16328 0 2361 169100 26778 188550939 318929 98992 643879369 643879369 0 84911 0 1.000000 10 10 5120 96526 5 10 10 5120 95384 9 4608 82303 1 512 13085 1 512 4216
1697463940037575 10 0 1 9 10 10 0 0 0 0 0 0 158 9 9 0 200 42 33 0 0 0 436915 16787 0 2434 169204 26829 188598590 319019 99009 662337217 662337217 0 86982 0 1.000000 10 10 5120 97597 6 10 10 5120 95384 9 4608 82303 1 512 13085 1 512 4216
1697463942383539 10 0 1 9 10 10 0 0 0 0 0 0 157 9 9 0 200 43 34 0 0 0 443100 17290 0 2498 169472 26885 190937414 319111 99025 680591457 680591457 0 89053 0 1.000000 10 10 5120 98604 6 10 10 5120 95384 9 4608 82304 1 512 13085 1 512 4216
1697463945115379 10 0 1 9 10 10 0 0 0 0 0 0 156 9 9 0 200 44 35 0 0 0 453732 17715 0 2567 169860 26966 193657530 319270 99053 699264023 699264023 0 91124 0 1.000000 10 10 5120 99550 5 10 10 5120 95384 9 4608 82304 1 512 13085 1 512 4216
1697463946229047 10 0 1 9 10 10 0 0 0 0 0 0 155 9 9 0 200 45 36 0 0 0 458697 18130 0 2650 170145 27028 194765326 319382 99070 717429196 717429196 0 93195 0 1.000000 10 10 5120 100443 5 10 10 5120 95384 9 4608 82299 1 512 13085 1 512 4216
1697463951911594 10 0 0 10 10 10 0 0 0 0 0 0 154 10 10 0 200 46 36 0 0 0 472051 18146 0 2650 170992 27102 200433307 319616 99086 717429196 717429196 0 95266 0 1.000000 10 10 5120 101288 5 10 10 5120 95384 10 5120 95384 1 512 13085 1 512 4216
1697463952797392 10 0 1 9 10 10 0 0 0 0 0 0 154 9 9 0 200 46 37 0 0 0 481886 18564 0 2714 172343 27166 201307387 319624 99086 739689249 739689249 0 95266 0 1.000000 10 10 5120 101288 5 10 10 5120 95384 9 4608 91152 1 512 13085 1 512 4216
1697463955292461 10 0 1 9 10 10 0 0 0 0 0 0 153 9 9 0 200 47 38 0 0 0 485881 18973 0 2765 172437 27215 203797717 319767 99102 760584610 760584610 0 97337 0 1.000000 10 10 5120 99694 6 10 10 5120 95384 9 4608 91160 1 512 13085 1 512 4216
1697463956343986 10 0 1 9 10 10 0 0 0 0 0 0 152 9 9 0 200 48 39 0 0 0 488620 19306 0 2825 172495 27247 204845962 319855 99116 781217492 781217492 0 99408 0 1.000000 10 10 5120 98182 5 10 10 5120 95384 9 4608 91168 1 512 13085 1 512 4216
1697463957720617 10 0 1 9 10 10 0 0 0 0 0 0 151 9 9 0 200 49 40 0 0 0 493596 19766 0 2889 172818 27295 206216674 319932 99132 804022048 804022048 0 101479 0 1.000000 10 10 5120 96746 5 10 10 5120 95384 9 4608 91155 1 512 13085 1 512 4216
1697463960367981 10 0 1 9 10 10 0 0 0 0 0 0 150 9 9 0 200 50 41 0 0 0 501349 20396 0 3018 173083 27367 208855136 320070 99149 822593822 822593822 0 103550 0 1.000000 10 10 5120 95384 6 10 10 5120 95384 9 4608 82308 1 512 13085 1 512 4216
1697463962277759 10 0 1 9 10 10 0 0 0 0 0 0 149 9 9 0 200 51 42 0 0 0 510957 20775 0 3084 173508 27446 210754279 320176 99164 841188179 841188179 0 105621 0 1.000000 10 10 5120 96247 5 10 10 5120 95384 9 4608 82303 1 512 13085 1 512 4216
1697463962919648 10 0 1 9 10 10 0 0 0 0 0 0 148 9 9 0 200 52 43 0 0 0 512737 21139 0 3146 173553 27484 211393791 320281 99180 860444042 860444042 0 107692 0 1.000000 10 10 5120 97070 6 10 10 5120 95384 9 4608 82303 1 512 13085 1 512 4216
1697463964746452 10 0 1 9 10 10 0 0 0 0 0 0 147 9 9 0 200 53 44 0 0 0 519061 21643 0 3208 173869 27548 213213281 320350 99196 879124820 879124820 0 109763 0 1.000000 10 10 5120 97855 6 10 10 5120 95384 9 4608 82304 1 512 13085 1 512 4216
1697463967716041 10 0 1 9 10 10 0 0 0 0 0 0 146 9 9 0 200 54 45 0 0 0 529699 22092 0 3275 174391 27648 216170997 320476 99213 897759417 897759417 0 111834 0 1.000000 10 10 5120 98604 6 10 10 5120 95384 9 4608 82304 1 512 13085 1 512 4216
1697463970104477 10 0 1 9 10 10 0 0 0 0 0 0 145 9 9 0 200 55 46 0 0 0 536036 22576 0 3342 174682 27712 218552147 320545 99253 917959069 917959069 0 113905 0 1.000000 10 10 5120 99319 5 10 10 5120 95384 9 4608 82299 1 512 13085 1 512 4216
1697463975756619 10 0 0 10 10 10 0 0 0 0 0 0 144 10 10 0 200 56 46 0 0 0 550664 22591 0 3342 175059 27791 224189010 320652 99269 917959069 917959069 0 115976 0 1.000000 10 10 5120 100005 6 10 10 5120 95384 10 5120 95384 1 512 13085 1 512 4216
1697463977575233 10 0 1 9 10 10 0 0 0 0 0 0 144 9 9 0 200 56 47 0 0 0 551823 22956 0 3399 175102 27832 226005967 320659 99269 938261823 938261823 0 115976 0 1.000000 10 10 5120 100005 6 10 10 5120 95384 9 4608 91152 1 512 13085 1 512 4216
1697463980550936 10 0 1 9 10 10 0 0 0 0 0 0 143 9 9 0 200 57 48 0 0 0 555976 23911 0 3462 175146 27889 228976359 320728 99297 959039170 959039170 0 118047 0 1.000000 10 10 5120 98777 5 10 10 5120 95384 9 4608 91160 1 512 13085 1 512 4216
1697463981618956 10 0 1 9 10 10 0 0 0 0 0 0 142 9 9 0 200 58 49 0 0 0 558727 24297 0 3522 175216 27940 230040969 320843 99313 979837072 979837072 0 120118 0 1.000000 10 10 5120 97599 5 10 10 5120 95384 9 4608 91168 1 512 13085 1 512 4216
1697463982104032 10 0 1 9 10 10 0 0 0 0 0 0 141 9 9 0 200 59 50 0 0 0 563811 24713 0 3585 175457 27991 230520145 320914 99331 997865522 997865522 0 122189 0 1.000000 10 10 5120 96468 5 10 10 5120 95384 9 4608 82308 1 512 13085 1 512 4216
1697463982622624 10 0 1 9 10 10 0 0 0 0 0 0 140 9 9 0 200 60 51 0 0 0 565513 25155 0 3644 175543 28026 231036261 321079 99347 1018376488 1018376488 0 124260 0 1.000000 10 10 5120 96468 5 10 10 5120 95384 9 4608 91155 1 512 13085 1 512 4216
1697463984426747 10 0 1 9 10 10 0 0 0 0 0 0 139 9 9 0 200 61 52 0 0 0 568452 25573 0 3708 175629 28070 232836740 321204 99362 1036161612 1036161612 0 126331 0 1.000000 10 10 5120 94662 5 10 10 5120 95384 9 4608 82303 1 512 13085 1 512 4216
1697463984766451 10 0 1 9 10 10 0 0 0 0 0 0 138 9 9 0 200 62 53 0 0 0 570083 26051 0 3773 175721 28107 233174050 321314 99379 1055014834 1055014834 0 128402 0 1.000000 10 10 5120 94662 5 10 10 5120 95384 9 4608 82303 1 512 13085 1 512 4216
1697463986596322 10 0 1 9 10 10 0 0 0 0 0 0 137 9 9 0 200 63 54 0 0 0 581792 26539 0 3834 176373 28215 234990844 321386 99395 1073238398 1073238398 0 130473 0 1.000000 10 10 5120 96467 6 10 10 5120 95384 9 4608 82304 1 512 13085 1 512 4216
1697463989859696 10 0 1 9 10 10 0 0 0 0 0 0 136 9 9 0 200 64 55 0 0 0 595704 26917 0 3894 176962 28309 238239079 321502 99413 1091357575 1091357575 0 132544 0 1.000000 10 10 5120 96467 6 10 10 5120 95384 9 4608 82304 1 512 13085 1 512 4216
1697463993301975 10 0 1 9 10 10 0 0 0 0 0 0 135 9 9 0 200 65 56 0 0 0 604841 27395 0 3973 177270 34339 241665216 321647 99429 1110908761 1110908761 0 134615 0 1.000000 10 10 5120 96467 5 10 10 5120 95384 9 4608 82299 1 512 13085 1 512 4216
1697463998952353 10 0 0 10 10 10 0 0 0 0 0 0 134 10 10 0 200 66 56 0 0 0 619276 27416 0 3973 177748 34454 247300222 321874 99445 1110908761 1110908761 0 136686 0 1.000000 10 10 5120 96467 6 10 10 5120 95384 10 5120 95384 1 512 13085 1 512 4216
1697464004649588 10 0 0 10 10 10 0 0 0 0 0 0 134 10 9 1 200 66 56 0 0 0 625178 27424 0 3973 177830 34490 252991118 321923 99445 1129749702 1110908761 0 136686 0 1.000000 10 10 5120 96467 6 10 10 5120 95384 10 5120 95384 1 512 13085 1 512 4216
1697464004649866 10 0 1 9 10 10 0 0 0 0 0 0 134 9 9 0 200 66 57 0 0 0 625178 27879 0 4045 177830 34521 252991118 321923 99445 1129749702 1129749702 0 136686 0 1.000000 10 10 5120 96467 6 10 10 5120 95384 9 4608 82308 1 512 13085 1 512 4216
1697464004972257 10 0 1 9 10 10 0 0 0 0 0 0 133 9 9 0 200 67 58 0 0 0 626928 28293 0 4107 177878 34567 253311022 322121 99461 1152664739 1152664739 0 138757 0 1.000000 10 10 5120 98276 6 10 10 5120 95384 9 4608 91152 1 512 13085 1 512 4216
1697464006308887 10 0 1 9 10 10 0 0 0 0 0 0 132 9 9 0 200 68 59 0 0 0 629712 29766 0 4169 177988 34606 254643087 322247 99477 1173953643 1173953643 0 140828 0 1.000000 10 10 5120 98277 6 10 10 5120 95384 9 4608 91160 1 512 13085 1 512 4216
1697464007073232 10 0 1 9 10 10 0 0 0 0 0 0 131 9 9 0 200 69 60 0 0 0 631326 30100 0 4228 178033 34636 255405309 322315 99492 1194045171 1194045171 0 142899 0 1.000000 10 10 5120 98276 5 10 10 5120 95384 9 4608 91155 1 512 13085 1 512 4216
1697464007853125 10 0 1 9 10 10 0 0 0 0 0 0 130 9 9 0 200 70 61 0 0 0 632921 30739 0 4387 178088 34673 256182760 322397 99507 1213492330 1213492330 0 144970 0 1.000000 10 10 5120 96471 5 10 10 5120 95384 9 4608 82303 1 512 13085 1 512 4216
1697464008264598 10 0 1 9 10 10 0 0 0 0 0 0 129 9 9 0 200 71 62 0 0 0 634629 31106 0 4447 178148 34708 256591852 322575 99522 1233644294 1233644294 0 147041 0 1.000000 10 10 5120 96471 6 10 10 5120 95384 9 4608 82303 1 512 13085 1 512 4216
1697464008644482 10 0 1 9 10 10 0 0 0 0 0 0 128 9 9 0 200 72 63 0 0 0 639415 31484 0 4499 178352 34748 256966171 322699 99537 1252009834 1252009834 0 149112 0 1.000000 10 10 5120 96471 6 10 10 5120 95384 9 4608 82304 1 512 13085 1 512 4216
1697464009180609 10 0 1 9 10 10 0 0 0 0 0 0 127 9 9 0 200 73 64 0 0 0 641029 31840 0 4565 178397 34784 257500092 322822 99552 1275099109 1275099109 0 151183 0 1.000000 10 10 5120 96471 5 10 10 5120 95384 9 4608 91168 1 512 13085 1 512 4216
1697464013670101 10 0 1 9 10 10 0 0 0 0 0 0 126 9 9 0 200 74 65 0 0 0 668552 32232 0 4623 179882 34956 261959893 322888 99568 1294971578 1294971578 0 153254 0 1.000000 10 10 5120 96467 6 10 10 5120 95384 9 4608 82304 1 512 13085 1 512 4216
1697464017578794 10 0 1 9 10 10 0 0 0 0 0 0 125 9 9 0 200 75 66 0 0 0 673772 32638 0 4697 179937 35019 265862702 322991 99584 1315604035 1315604035 0 155325 0 1.000000 10 10 5120 96467 6 10 10 5120 95384 9 4608 82299 1 512 13085 1 512 4216
1697464022236373 10 0 0 10 10 10 0 0 0 0 0 0 124 10 10 0 200 76 66 0 0 0 686715 32652 0 4697 180334 35097 270506671 323101 99600 1315604035 1315604035 0 157396 0 1.000000 10 10 5120 96467 6 10 10 5120 95384 10 5120 95384 1 512 13085 1 512 4216
1697464026085304 10 0 1 9 10 10 0 0 0 0 0 0 124 9 9 0 200 76 67 0 0 0 690471 32994 0 4755 180386 35163 274351327 323109 99600 1333340611 1333340611 0 157396 0 1.000000 10 10 5120 96467 6 10 10 5120 95384 9 4608 82308 1 512 13085 1 512 4216
1697464029904318 10 0 1 9 10 10 0 0 0 0 0 0 123 9 9 0 200 77 68 0 0 0 699320 33494 0 4821 180630 35236 278160543 323202 99615 1351740188 1351740188 0 159467 0 1.000000 10 10 5120 98274 5 10 10 5120 95384 9 4608 82303 1 512 13085 1 512 4216
1697464030526125 10 0 1 9 10 10 0 0 0 0 0 0 122 9 9 0 200 78 69 0 0 0 700944 34167 0 4953 180715 35267 278779770 323326 99630 1372814855 1372814855 0 161538 0 1.000000 10 10 5120 100080 6 10 10 5120 95384 9 4608 91152 1 512 13085 1 512 4216
1697464031627033 10 0 1 9 10 10 0 0 0 0 0 0 121 9 9 0 200 79 70 0 0 0 703717 34520 0 5017 180763 35309 279877312 323444 99645 1392104597 1392104597 0 163609 0 1.000000 10 10 5120 100084 5 10 10 5120 95384 9 4608 82304 1 512 13085 1 512 4216
1697464031790361 10 0 1 9 10 10 0 0 0 0 0 0 120 9 9 0 200 80 71 0 0 0 705481 34914 0 5087 180810 35346 280038240 323566 99661 1411950772 1411950772 0 165680 0 1.000000 10 10 5120 100085 6 10 10 5120 95384 9 4608 82303 1 512 13085 1 512 4216
1697464033237894 10 0 1 9 10 10 0 0 0 0 0 0 119 9 9 0 200 81 72 0 0 0 708275 36268 0 5162 180901 35390 281481360 323664 99677 1433645058 1433645058 0 167751 0 1.000000 10 10 5120 100085 6 10 10 5120 95384 9 4608 91155 1 512 13085 1 512 4216
1697464034937362 10 0 1 9 10 10 0 0 0 0 0 0 118 9 9 0 200 82 73 0 0 0 718105 36739 0 5277 181280 35469 283169956 323736 99693 1454941975 1454941975 0 169822 0 1.000000 10 10 5120 98278 5 10 10 5120 95384 9 4608 91168 1 512 13085 1 512 4216
1697464035197089 10 0 1 9 10 10 0 0 0 0 0 0 117 9 9 0 200 83 74 0 0 0 719771 38121 0 5415 181369 35505 283426366 323840 99709 1479352548 1479352548 0 171893 0 1.000000 10 10 5120 96469 5 10 10 5120 95384 9 4608 91160 1 512 13085 1 512 4216
1697464038301866 10 0 1 9 10 10 0 0 0 0 0 0 116 9 9 0 200 84 75 0 0 0 734323 38655 0 5509 182037 35747 286514965 323974 99725 1499950134 1499950134 0 173964 0 1.000000 10 10 5120 94662 6 10 10 5120 95384 9 4608 82304 1 512 13085 1 512 4216
1697464040046879 10 0 1 9 10 10 0 0 0 0 0 0 115 9 9 0 200 85 76 0 0 0 743775 39124 0 5570 182588 35834 288248634 324716 99740 1518764229 1518764229 0 176035 0 1.000000 10 10 5120 94661 6 10 10 5120 95384 9 4608 82299 1 512 13085 1 512 4216
1697464045832625 10 0 0 10 10 10 0 0 0 0 0 0 114 10 10 0 200 86 76 0 0 0 758186 39141 0 5570 183073 35929 293932891 324879 99756 1518764229 1518764229 0 178106 0 1.000000 10 10 5120 96467 6 10 10 5120 95384 10 5120 95384 1 512 13085 1 512 4216
1697464048568789 10 0 1 9 10 10 0 0 0 0 0 0 114 9 9 0 200 86 77 0 0 0 760608 39570 0 5623 183166 35972 296666018 324888 99756 1537518962 1537518962 0 178106 0 1.000000 10 10 5120 96467 6 10 10 5120 95384 9 4608 82308 1 512 13085 1 512 4216
1697464051223247 10 0 1 9 10 10 0 0 0 0 0 0 113 9 9 0 200 87 78 0 0 0 764414 40197 0 5726 183305 41675 299310011 325027 99770 1555202727 1555202727 0 180177 0 1.000000 10 10 5120 98274 6 10 10 5120 95384 9 4608 82303 1 512 13085 1 512 4216
1697464054018276 10 0 1 9 10 10 0 0 0 0 0 0 112 9 9 0 200 88 79 0 0 0 772169 40980 0 5835 183628 41770 302095771 325262 99795 1573740841 1573740841 0 182248 0 1.000000 10 10 5120 100080 5 10 10 5120 95384 9 4608 82303 1 512 13085 1 512 4216
1697464054370653 10 0 1 9 10 10 0 0 0 0 0 0 111 9 9 0 200 89 80 0 0 0 773903 41338 0 5903 183758 41807 302445451 325651 99812 1592804579 1592804579 0 184319 0 1.000000 10 10 5120 101890 6 10 10 5120 95384 9 4608 82304 1 512 13085 1 512 4216
1697464056134635 10 0 1 9 10 10 0 0 0 0 0 0 110 9 9 0 200 90 81 0 0 0 780034 41843 0 5969 184080 41890 304202264 325741 99829 1614070799 1614070799 0 186390 0 1.000000 10 10 5120 101890 6 10 10 5120 95384 9 4608 91152 1 512 13085 1 512 4216
1697464058857224 10 0 1 9 10 10 0 0 0 0 0 0 109 9 9 0 200 91 82 0 0 0 789592 42320 0 6041 184551 41988 306914124 325822 99845 1635218132 1635218132 0 188461 0 1.000000 10 10 5120 100085 5 10 10 5120 95384 9 4608 91155 1 512 13085 1 512 4216
1697464060125926 10 0 1 9 10 10 0 0 0 0 0 0 108 9 9 0 200 92 83 0 0 0 792337 43842 0 6109 184659 42039 308178206 325980 99861 1655675943 1655675943 0 190532 0 1.000000 10 10 5120 98278 5 10 10 5120 95384 9 4608 91160 1 512 13085 1 512 4216
1697464060164122 10 0 1 9 10 10 0 0 0 0 0 0 107 9 9 0 200 93 84 0 0 0 794053 44236 0 6171 184708 42078 308214071 326078 99876 1673555150 1673555150 0 192603 0 1.000000 10 10 5120 96471 5 10 10 5120 95384 9 4608 82304 1 512 13085 1 512 4216
1697464060831754 10 0 1 9 10 10 0 0 0 0 0 0 106 9 9 0 200 94 85 0 0 0 798995 44610 0 6236 184895 42126 308875934 326245 99892 1694989523 1694989523 0 194674 0 1.000000 10 10 5120 96471 5 10 10 5120 95384 9 4608 91168 1 512 13085 1 512 4216
1697464062170304 10 0 1 9 10 10 0 0 0 0 0 0 105 9 9 0 200 95 86 0 0 0 802088 45166 0 6298 185004 42176 310210561 326323 99908 1713419059 1713419059 0 196745 0 1.000000 10 10 5120 94661 5 10 10 5120 95384 9 4608 82299 1 512 13085 1 512 4216
1697464067823177 10 0 0 10 10 10 0 0 0 0 0 0 104 10 10 0 200 96 86 0 0 0 823745 45196 0 6298 186013 42296 315840468 326387 99923 1713419059 1713419059 0 198816 0 1.000000 10 10 5120 96467 5 10 10 5120 95384 10 5120 95384 1 512 13085 1 512 4216
1697464070219100 10 0 1 9 10 10 0 0 0 0 0 0 104 9 9 0 200 96 87 0 0 0 825907 45624 0 6372 186068 42359 318233621 326394 99923 1731368640 1731368640 0 198816 0 1.000000 10 10 5120 96467 5 10 10 5120 95384 9 4608 82308 1 512 13085 1 512 4216
1697464073072360 10 0 1 9 10 10 0 0 0 0 0 0 103 9 9 0 200 97 88 0 0 0 840050 46125 0 6456 187961 42453 321070096 326506 99939 1749572186 1749572186 0 200887 0 1.000000 10 10 5120 98274 5 10 10 5120 95384 9 4608 82303 1 512 13085 1 512 4216
1697464075592765 10 0 1 9 10 10 0 0 0 0 0 0 102 9 9 0 200 98 89 0 0 0 846146 46503 0 6516 188215 42510 323583580 326603 99955 1767119623 1767119623 0 202958 0 1.000000 10 10 5120 100083 5 10 10 5120 95384 9 4608 82304 1 512 13085 1 512 4216
1697464077549777 10 0 1 9 10 10 0 0 0 0 0 0 101 9 9 0 200 99 90 0 0 0 852515 46882 0 6577 188523 42586 325533359 326668 99971 1786977868 1786977868 0 205029 0 1.000000 10 10 5120 101889 5 10 10 5120 95384 9 4608 82303 1 512 13085 1 512 4216
1697464081032232 10 0 1 9 10 10 0 0 0 0 0 0 100 9 9 0 200 100 91 0 0 0 859985 47380 0 6640 188767 42648 329007417 326753 99989 1807708375 1807708375 0 207100 0 1.000000 10 10 5120 101890 6 10 10 5120 95384 9 4608 91152 1 512 13085 1 512 4216
1697464084071236 10 0 1 9 10 10 0 0 0 0 0 0 99 9 9 0 200 101 92 0 0 0 867588 47841 0 6694 189048 42715 332037864 326862 100004 1827660572 1827660572 0 209171 0 1.000000 10 10 5120 100085 5 10 10 5120 95384 9 4608 82304 1 512 13085 1 512 4216
1697464084377817 10 0 1 9 10 10 0 0 0 0 0 0 98 9 9 0 200 102 93 0 0 0 869199 48208 0 6756 189108 42750 332342202 326983 100019 1846221499 1846221499 0 211242 0 1.000000 10 10 5120 100084 6 10 10 5120 95384 9 4608 82299 1 512 13085 1 512 4216
1697464085348286 10 0 1 9 10 10 0 0 0 0 0 0 97 9 9 0 200 103 94 0 0 0 874059 48649 0 6816 189382 42798 333306897 327096 100035 1868303197 1868303197 0 213313 0 1.000000 10 10 5120 100085 6 10 10 5120 95384 9 4608 91155 1 512 13085 1 512 4216
1697464085856046 10 0 1 9 10 10 0 0 0 0 0 0 96 9 9 0 200 104 95 0 0 0 875664 49799 0 6877 189443 42834 333811666 327200 100051 1889548248 1889548248 0 215384 0 1.000000 10 10 5120 98279 6 10 10 5120 95384 9 4608 91160 1 512 13085 1 512 4216
1697464086411014 10 0 1 9 10 10 0 0 0 0 0 0 95 9 9 0 200 105 96 0 0 0 877325 50140 0 6936 189490 42905 334364385 327291 100068 1910676236 1910676236 0 217455 0 1.000000 10 10 5120 96471 5 10 10 5120 95384 9 4608 91168 1 512 13085 1 512 4216
1697464091881781 10 0 0 10 10 10 0 0 0 0 0 0 94 10 10 0 200 106 96 0 0 0 898358 50164 0 6936 190432 43023 339812877 327373 100084 1910676236 1910676236 0 219526 0 1.000000 10 10 5120 96467 5 10 10 5120 95384 10 5120 95384 1 512 13085 1 512 4216
1697464092742100 10 0 1 9 10 10 0 0 0 0 0 0 94 9 9 0 200 106 97 0 0 0 898358 50620 0 6997 190524 43062 340672567 327380 100084 1929499453 1929499453 0 219526 0 1.000000 10 10 5120 96467 5 10 10 5120 95384 9 4608 82308 1 512 13085 1 512 4216
1697464094817297 10 0 1 9 10 10 0 0 0 0 0 0 93 9 9 0 200 107 98 0 0 0 902487 51140 0 7060 190615 43117 342742818 327491 100101 1947604627 1947604627 0 221597 0 1.000000 10 10 5120 98274 6 10 10 5120 95384 9 4608 82303 1 512 13085 1 512 4216
1697464096798496 10 0 1 9 10 10 0 0 0 0 0 0 92 9 9 0 200 108 99 0 0 0 908457 51564 0 7119 190901 43172 344717121 327609 100129 1965137907 1965137907 0 223668 0 1.000000 10 10 5120 100083 5 10 10 5120 95384 9 4608 82304 1 512 13085 1 512 4216
1697464099854878 10 0 1 9 10 10 0 0 0 0 0 0 91 9 9 0 200 109 100 0 0 0 915132 51986 0 7179 191157 43244 347765963 327673 100145 1983755556 1983755556 0 225739 0 1.000000 10 10 5120 100084 5 10 10 5120 95384 9 4608 82303 1 512 13085 1 512 4216
1697464104544700 10 0 0 10 10 10 0 0 0 0 0 0 90 10 10 0 200 110 100 0 0 0 927102 52000 0 7179 191586 43311 352443136 327767 100161 1983755556 1983755556 0 227810 0 1.000000 10 10 5120 101890 6 10 10 5120 95384 10 5120 95384 1 512 13085 1 512 4216
1697464105952874 10 0 1 9 10 10 0 0 0 0 0 0 90 9 9 0 200 110 101 0 0 0 928364 52447 0 7239 191677 43347 353849430 327775 100161 2004607857 2004607857 0 227810 0 1.000000 10 10 5120 101890 6 10 10 5120 95384 9 4608 91152 1 512 13085 1 512 4216
1697464106314100 10 0 1 9 10 10 0 0 0 0 0 0 89 9 9 0 200 111 102 0 0 0 930026 52844 0 7301 191768 43382 354208369 327839 100176 2022885378 2022885378 0 229881 0 1.000000 10 10 5120 100085 6 10 10 5120 95384 9 4608 82299 1 512 13085 1 512 4216
1697464106476651 10 0 1 9 10 10 0 0 0 0 0 0 88 9 9 0 200 112 103 0 0 0 931600 53314 0 7355 191854 43415 354368621 327928 100192 2041255922 2041255922 0 231952 0 1.000000 10 10 5120 100085 5 10 10 5120 95384 9 4608 82304 1 512 13085 1 512 4216
1697464111245884 10 0 1 9 10 10 0 0 0 0 0 0 87 9 9 0 200 113 104 0 0 0 945099 53916 0 7419 192532 50282 359116035 328051 100207 2062173235 2062173235 0 234023 0 1.000000 10 10 5120 100085 5 10 10 5120 95384 9 4608 91160 1 512 13085 1 512 4216
1697464111326313 10 0 1 9 10 10 0 0 0 0 0 0 86 9 9 0 200 114 105 0 0 0 946753 54407 0 7493 192583 50355 359193871 328238 100246 2083743953 2083743953 0 236094 0 0.224896 10 10 5120 98278 5 10 10 5120 95384 9 4608 91155 1 512 13085 1 512 4216
1697464113028213 10 0 1 9 10 10 0 0 0 0 0 0 85 9 9 0 200 115 106 0 0 0 949321 54774 0 7560 192637 50422 360892583 328327 100262 2105894155 2105894155 0 238165 0 0.226206 10 10 5120 96471 5 10 10 5120 95384 9 4608 91168 1 512 13085 1 512 4216
1697464114432823 10 0 1 9 10 10 0 0 0 0 0 0 84 9 9 0 200 116 107 0 0 0 951872 55176 0 7632 192745 50467 362293956 328418 100278 2123850369 2123850369 0 240236 0 0.227503 10 10 5120 94663 5 10 10 5120 95384 9 4608 82308 1 512 13085 1 512 4216
1697464116850116 10 0 1 9 10 10 0 0 0 0 0 0 83 9 9 0 200 117 108 0 0 0 959866 55683 0 7721 193209 50529 364702106 328490 100296 2142253258 2142253258 0 242307 0 0.227544 10 10 5120 96467 5 10 10 5120 95384 9 4608 82303 1 512 13085 1 512 4216
1697464119068691 10 0 1 9 10 10 0 0 0 0 0 0 82 9 9 0 200 118 109 0 0 0 966805 56084 0 7788 193695 50607 366912650 328563 100312 2160806063 2160806063 0 244378 0 0.227842 10 10 5120 98275 6 10 10 5120 95384 9 4608 82304 1 512 13085 1 512 4216
1697464123668830 10 0 1 9 10 10 0 0 0 0 0 0 81 9 9 0 200 119 110 0 0 0 976673 56481 0 7879 194210 50688 371501721 328694 100329 2180933849 2180933849 0 246449 0 0.227490 10 10 5120 100081 5 10 10 5120 95384 9 4608 82303 1 512 13085 1 512 4216
1697464128350615 10 0 0 10 10 10 0 0 0 0 0 0 80 10 10 0 200 120 110 0 0 0 984648 56490 0 7879 194378 50745 376175154 328771 100345 2180933849 2180933849 0 248520 0 0.227642 10 10 5120 100081 6 10 10 5120 95384 10 5120 95384 1 512 13085 1 512 4216
1697464128772016 10 0 1 9 10 10 0 0 0 0 0 0 80 9 9 0 200 120 111 0 0 0 984648 56852 0 7934 194420 50767 376596089 328777 100345 2199749240 2199749240 0 248520 0 0.227563 10 10 5120 100081 6 10 10 5120 95384 9 4608 82299 1 512 13085 1 512 4216
1697464129132780 10 0 1 9 10 10 0 0 0 0 0 0 79 9 9 0 200 121 112 0 0 0 986136 57239 0 7996 194503 50802 376954726 328880 100386 2218365557 2218365557 0 250591 0 0.229047 10 10 5120 100082 6 10 10 5120 95384 9 4608 82304 1 512 13085 1 512 4216
1697464130450240 10 0 1 9 10 10 0 0 0 0 0 0 78 9 9 0 200 122 113 0 0 0 988596 57677 0 8059 194607 50844 378268932 329045 100417 2238656365 2238656365 0 252662 0 0.230301 10 10 5120 100082 5 10 10 5120 95384 9 4608 91152 1 512 13085 1 512 4216
1697464135606422 10 0 0 10 10 10 0 0 0 0 0 0 77 10 10 0 200 123 113 0 0 0 1001070 57692 0 8059 195305 50915 383411611 329195 100432 2238656365 2238656365 0 254733 0 0.229449 10 10 5120 100085 5 10 10 5120 95384 10 5120 95384 1 512 13085 1 512 4216
1697464136855503 10 0 1 9 10 10 0 0 0 0 0 0 77 9 9 0 200 123 114 0 0 0 1001911 58064 0 8121 195350 50944 384659356 329207 100432 2257351660 2257351660 0 254733 0 0.229187 10 10 5120 100085 5 10 10 5120 95384 9 4608 82308 1 512 13085 1 512 4216
1697464136880868 10 0 1 9 10 10 0 0 0 0 0 0 76 9 9 0 200 124 115 0 0 0 1003378 58512 0 8207 195394 50992 384682607 329278 100448 2278907805 2278907805 0 256804 0 0.230633 10 10 5120 100085 6 10 10 5120 95384 9 4608 91155 1 512 13085 1 512 4216
1697464137763874 10 0 1 9 10 10 0 0 0 0 0 0 75 9 9 0 200 125 116 0 0 0 1004928 59030 0 8275 195467 51026 385563247 329429 100464 2300941971 2300941971 0 258875 0 0.232042 10 10 5120 98277 6 10 10 5120 95384 9 4608 91160 1 512 13085 1 512 4216
1697464138706901 10 0 1 9 10 10 0 0 0 0 0 0 74 9 9 0 200 126 117 0 0 0 1006434 59493 0 8338 195556 51085 386504046 329501 100480 2322130543 2322130543 0 260946 0 0.233466 10 10 5120 96471 5 10 10 5120 95384 9 4608 91168 1 512 13085 1 512 4216
1697464140247108 10 0 1 9 10 10 0 0 0 0 0 0 73 9 9 0 200 127 118 0 0 0 1008763 59872 0 8402 195601 51127 388041337 329586 100495 2341892514 2341892514 0 263017 0 0.234722 10 10 5120 94662 5 10 10 5120 95384 9 4608 82303 1 512 13085 1 512 4216
1697464142756593 10 0 1 9 10 10 0 0 0 0 0 0 72 9 9 0 200 128 119 0 0 0 1018537 60227 0 8469 196145 51208 390539922 329687 100512 2361895683 2361895683 0 265088 0 0.234349 10 10 5120 96467 6 10 10 5120 95384 9 4608 82304 1 512 13085 1 512 4216
1697464145082737 10 0 1 9 10 10 0 0 0 0 0 0 71 9 9 0 200 129 120 0 0 0 1025475 60705 0 8537 196707 51290 392857855 329794 100528 2379631113 2379631113 0 267159 0 0.234568 10 10 5120 96467 6 10 10 5120 95384 9 4608 82303 1 512 13085 1 512 4216
1697464150773387 10 0 0 10 10 10 0 0 0 0 0 0 70 10 10 0 200 130 120 0 0 0 1035432 60721 0 8537 197085 51345 398537930 329885 100547 2379631113 2379631113 0 269230 0 0.234235 10 10 5120 96467 5 10 10 5120 95384 10 5120 95384 1 512 13085 1 512 4216
1697464151306834 10 0 1 9 10 10 0 0 0 0 0 0 70 9 9 0 200 130 121 0 0 0 1035432 61103 0 8607 197133 51370 399070878 329892 100547 2398500177 2398500177 0 269230 0 0.234154 10 10 5120 96467 5 10 10 5120 95384 9 4608 82299 1 512 13085 1 512 4216
1697464151382227 10 0 1 9 10 10 0 0 0 0 0 0 69 9 9 0 200 131 122 0 0 0 1036904 61742 0 8673 197180 51406 399143961 329968 100563 2416801556 2416801556 0 271301 0 0.235502 10 10 5120 98275 6 10 10 5120 95384 9 4608 82304 1 512 13085 1 512 4216
1697464155640744 10 0 1 9 10 10 0 0 0 0 0 0 68 9 9 0 200 132 123 0 0 0 1045470 62159 0 8738 197655 51483 403392519 330338 100581 2437839412 2437839412 0 273372 0 0.235375 10 10 5120 100084 5 10 10 5120 95384 9 4608 91152 1 512 13085 1 512 4216
1697464159245624 10 0 1 9 10 10 0 0 0 0 0 0 67 9 9 0 200 133 124 0 0 0 1049135 62534 0 8799 197716 51534 406993091 330452 100597 2456517080 2456517080 0 275443 0 0.236296 10 10 5120 100085 6 10 10 5120 95384 9 4608 82308 1 512 13085 1 512 4216
1697464162606727 10 0 1 9 10 10 0 0 0 0 0 0 66 9 9 0 200 134 125 0 0 0 1054271 62930 0 8861 197936 51587 410348261 330541 100612 2475256907 2475256907 0 277514 0 0.236894 10 10 5120 100085 6 10 10 5120 95384 9 4608 82303 1 512 13085 1 512 4216
1697464164389832 10 0 1 9 10 10 0 0 0 0 0 0 65 9 9 0 200 135 126 0 0 0 1058794 63388 0 8930 198207 51637 412125976 330588 100639 2498775452 2498775452 0 279585 0 0.237602 10 10 5120 100084 6 10 10 5120 95384 9 4608 91155 1 512 13085 1 512 4216
1697464164580917 10 0 1 9 10 10 0 0 0 0 0 0 64 9 9 0 200 136 127 0 0 0 1060230 63796 0 8991 198292 51670 412314920 330731 100655 2516918254 2516918254 0 281656 0 0.238970 10 10 5120 98278 6 10 10 5120 95384 9 4608 82304 1 512 13085 1 512 4216
1697464164877192 10 0 1 9 10 10 0 0 0 0 0 0 63 9 9 0 200 137 128 0 0 0 1061536 64118 0 9044 198331 51713 412609366 330813 100670 2538617740 2538617740 0 283727 0 0.240379 10 10 5120 98278 5 10 10 5120 95384 9 4608 91168 1 512 13085 1 512 4216
1697464164981849 10 0 1 9 10 10 0 0 0 0 0 0 62 9 9 0 200 138 129 0 0 0 1062844 64682 0 9118 198373 51754 412711945 330895 100685 2561357026 2561357026 0 285798 0 0.241731 10 10 5120 96469 5 10 10 5120 95384 9 4608 91160 1 512 13085 1 512 4216
1697464167112863 10 0 1 9 10 10 0 0 0 0 0 0 61 9 9 0 200 139 130 0 0 0 1066739 65117 0 9172 198599 51797 414838229 330992 100701 2579701011 2579701011 0 287869 0 0.242551 10 10 5120 94662 6 10 10 5120 95384 9 4608 82303 1 512 13085 1 512 4216
1697464172789055 10 0 0 10 10 10 0 0 0 0 0 0 60 10 10 0 200 140 130 0 0 0 1080635 65137 0 9172 199458 57423 420493855 331056 100716 2579701011 2579701011 0 289940 0 0.241329 10 10 5120 96467 5 10 10 5120 95384 10 5120 95384 1 512 13085 1 512 4216
1697464173191060 10 0 1 9 10 10 0 0 0 0 0 0 60 9 9 0 200 140 131 0 0 0 1080635 65637 0 9243 199514 57451 420895183 331109 100716 2597937315 2597937315 0 289940 0 0.241224 10 10 5120 96467 5 10 10 5120 95384 9 4608 82299 1 512 13085 1 512 4216
1697464175423647 10 0 1 9 10 10 0 0 0 0 0 0 59 9 9 0 200 141 132 0 0 0 1083226 66098 0 9305 199613 57498 423124310 331333 100731 2617987521 2617987521 0 292011 0 0.242302 10 10 5120 98275 5 10 10 5120 95384 9 4608 82304 1 512 13085 1 512 4216
1697464180443652 10 0 0 10 10 10 0 0 0 0 0 0 58 10 10 0 200 142 132 0 0 0 1091239 66111 0 9305 200033 57534 428135689 331402 100747 2617987521 2617987521 0 294082 0 0.242328 10 10 5120 100082 6 10 10 5120 95384 10 5120 95384 1 512 13085 1 512 4216
1697464180480118 10 0 1 9 10 10 0 0 0 0 0 0 58 9 9 0 200 142 133 0 0 0 1091239 66486 0 9376 200086 57558 428171658 331409 100747 2638826933 2638826933 0 294082 0 0.242250 10 10 5120 100082 6 10 10 5120 95384 9 4608 91152 1 512 13085 1 512 4216
1697464181547557 10 0 1 9 10 10 0 0 0 0 0 0 57 9 9 0 200 143 134 0 0 0 1093204 66896 0 9447 200139 57592 429236491 331517 100763 2657428660 2657428660 0 296153 0 0.243456 10 10 5120 98276 6 10 10 5120 95384 9 4608 82308 1 512 13085 1 512 4216
1697464184897598 10 0 1 9 10 10 0 0 0 0 0 0 56 9 9 0 200 144 135 0 0 0 1097825 67378 0 9530 200391 57641 432580965 331639 100779 2676085804 2676085804 0 298224 0 0.244085 10 10 5120 100085 6 10 10 5120 95384 9 4608 82303 1 512 13085 1 512 4216
1697464187041025 10 0 1 9 10 10 0 0 0 0 0 0 55 9 9 0 200 145 136 0 0 0 1101963 67762 0 9591 200708 57687 434719366 331742 100794 2694858267 2694858267 0 300295 0 0.244830 10 10 5120 100084 6 10 10 5120 95384 9 4608 82304 1 512 13085 1 512 4216
1697464189434811 10 0 1 9 10 10 0 0 0 0 0 0 54 9 9 0 200 146 137 0 0 0 1105809 68168 0 9658 200970 57747 437108425 331855 100809 2715913775 2715913775 0 302366 0 0.245626 10 10 5120 100085 6 10 10 5120 95384 9 4608 91155 1 512 13085 1 512 4216
1697464189844021 10 0 1 9 10 10 0 0 0 0 0 0 53 9 9 0 200 147 138 0 0 0 1107113 68505 0 9718 201014 57784 437515801 331933 100824 2736415862 2736415862 0 304437 0 0.246963 10 10 5120 98278 6 10 10 5120 95384 9 4608 91168 1 512 13085 1 512 4216
1697464190328132 10 0 1 9 10 10 0 0 0 0 0 0 52 9 9 0 200 148 139 0 0 0 1108300 69798 0 9854 201067 57838 437997207 332013 100841 2757287185 2757287185 0 306508 0 0.248119 10 10 5120 96469 5 10 10 5120 95384 9 4608 91160 1 512 13085 1 512 4216
1697464192451643 10 0 1 9 10 10 0 0 0 0 0 0 51 9 9 0 200 149 140 0 0 0 1112283 70140 0 9915 201382 57881 440115907 332105 100868 2778953877 2778953877 0 308579 0 0.248882 10 10 5120 94662 5 10 10 5120 95384 9 4608 82303 1 512 13085 1 512 4216
1697464196735636 10 0 1 9 10 10 0 0 0 0 0 0 50 9 9 0 200 150 141 0 0 0 1131079 70563 0 9981 204093 57989 444377650 332253 100883 2798826978 2798826978 0 310650 0 0.246545 10 10 5120 96467 6 10 10 5120 95384 9 4608 82299 1 512 13085 1 512 4216
1697464197608096 10 0 1 9 10 10 0 0 0 0 0 0 49 9 9 0 200 151 142 0 0 0 1132292 70966 0 10044 204182 58027 445248210 332372 100905 2816994201 2816994201 0 312721 0 0.247855 10 10 5120 96468 6 10 10 5120 95384 9 4608 82304 1 512 13085 1 512 4216
1697464202612814 10 0 0 10 10 10 0 0 0 0 0 0 48 10 10 0 200 152 142 0 0 0 1139271 70980 0 10044 204571 58061 450245304 332509 100921 2816994201 2816994201 0 314792 0 0.248055 10 10 5120 96467 5 10 10 5120 95384 10 5120 95384 1 512 13085 1 512 4216
1697464204184742 10 0 1 9 10 10 0 0 0 0 0 0 48 9 9 0 200 152 143 0 0 0 1139961 71383 0 10109 204621 58089 451816003 332516 100921 2835940767 2835940767 0 314792 0 0.247831 10 10 5120 96467 5 10 10 5120 95384 9 4608 82308 1 512 13085 1 512 4216
1697464205426693 10 0 1 9 10 10 0 0 0 0 0 0 47 9 9 0 200 153 144 0 0 0 1141705 71760 0 10176 204695 58122 453055597 332605 100948 2856899578 2856899578 0 316863 0 0.249026 10 10 5120 98273 6 10 10 5120 95384 9 4608 91152 1 512 13085 1 512 4216
1697464206805458 10 0 1 9 10 10 0 0 0 0 0 0 46 9 9 0 200 154 145 0 0 0 1143622 72224 0 10244 204745 58153 454431737 332721 100966 2875175143 2875175143 0 318934 0 0.250163 10 10 5120 98275 6 10 10 5120 95384 9 4608 82303 1 512 13085 1 512 4216
1697464209818630 10 0 1 9 10 10 0 0 0 0 0 0 45 9 9 0 200 155 146 0 0 0 1147648 72597 0 10305 204989 58193 457440088 332818 100981 2894232279 2894232279 0 321005 0 0.250879 10 10 5120 100084 6 10 10 5120 95384 9 4608 82304 1 512 13085 1 512 4216
1697464214313891 10 0 1 9 10 10 0 0 0 0 0 0 44 9 9 0 200 156 147 0 0 0 1155152 73012 0 10371 205635 58239 461926634 332880 101007 2914824622 2914824622 0 323076 0 0.250870 10 10 5120 100085 6 10 10 5120 95384 9 4608 91155 1 512 13085 1 512 4216
1697464215473827 10 0 1 9 10 10 0 0 0 0 0 0 43 9 9 0 200 157 148 0 0 0 1156831 73525 0 10433 205682 58298 463084171 332945 101038 2935502487 2935502487 0 325147 0 0.252028 10 10 5120 98278 5 10 10 5120 95384 9 4608 91160 1 512 13085 1 512 4216
1697464215822327 10 0 1 9 10 10 0 0 0 0 0 0 42 9 9 0 200 158 149 0 0 0 1158023 74023 0 10527 205770 58328 463430678 333096 101054 2956992778 2956992778 0 327218 0 0.253286 10 10 5120 96471 5 10 10 5120 95384 9 4608 91168 1 512 13085 1 512 4216
1697464217215066 10 0 1 9 10 10 0 0 0 0 0 0 41 9 9 0 200 159 150 0 0 0 1159614 74391 0 10589 205819 58360 464821287 333153 101081 2978124339 2978124339 0 329289 0 0.254484 10 10 5120 94662 5 10 10 5120 95384 9 4608 82303 1 512 13085 1 512 4216
1697464219179733 10 0 1 9 10 10 0 0 0 0 0 0 40 9 9 0 200 160 151 0 0 0 1162500 74742 0 10659 206059 58395 466782277 333283 101096 2995693344 2995693344 0 331360 0 0.255414 10 10 5120 96467 6 10 10 5120 95384 9 4608 82304 1 512 13085 1 512 4216
1697464219475437 10 0 1 9 10 10 0 0 0 0 0 0 39 9 9 0 200 161 152 0 0 0 1163640 75228 0 10727 206147 58434 467076070 333406 101112 3014775494 3014775494 0 333431 0 0.256673 10 10 5120 96466 5 10 10 5120 95384 9 4608 82299 1 512 13085 1 512 4216
1697464224217665 10 0 0 10 10 10 0 0 0 0 0 0 38 10 10 0 200 162 152 0 0 0 1173446 75253 0 10727 207280 58493 471807059 333537 101128 3014775494 3014775494 0 335502 0 0.256234 10 10 5120 96467 6 10 10 5120 95384 10 5120 95384 1 512 13085 1 512 4216
1697464228083454 10 0 1 9 10 10 0 0 0 0 0 0 38 9 9 0 200 162 153 0 0 0 1175048 75796 0 10794 207431 58541 475670456 333545 101128 3032426046 3032426046 0 335502 0 0.255795 10 10 5120 96467 6 10 10 5120 95384 9 4608 82303 1 512 13085 1 512 4216
1697464229628278 10 0 1 9 10 10 0 0 0 0 0 0 37 9 9 0 200 163 154 0 0 0 1176596 76151 0 10850 207471 58569 477213068 333749 101144 3054174474 3054174474 0 337573 0 0.256983 10 10 5120 98275 5 10 10 5120 95384 9 4608 82308 1 512 13085 1 512 4216
1697464232988305 10 0 1 9 10 10 0 0 0 0 0 0 36 9 9 0 200 164 155 0 0 0 1180306 76773 0 10941 207735 63849 480563110 333796 101169 3073702466 3073702466 0 339644 0 0.257669 10 10 5120 100080 6 10 10 5120 95384 9 4608 82304 1 512 13085 1 512 4216
1697464233381449 10 0 1 9 10 10 0 0 0 0 0 0 35 9 9 0 200 165 156 0 0 0 1182554 77269 0 11027 208007 63891 480952861 334082 101185 3097212102 3097212102 0 341715 0 0.258675 10 10 5120 101889 6 10 10 5120 95384 9 4608 91152 1 512 13085 1 512 4216
1697464238514379 10 0 0 10 10 10 0 0 0 0 0 0 34 10 10 0 200 166 156 0 0 0 1188247 77288 0 11027 208511 63944 486079351 334161 101213 3097212102 3097212102 0 343786 0 0.259068 10 10 5120 100085 6 10 10 5120 95384 10 5120 95384 1 512 13085 1 512 4216
1697464239228809 10 0 1 9 10 10 0 0 0 0 0 0 34 9 9 0 200 166 157 0 0 0 1188247 77821 0 11095 208644 63974 486793018 334185 101213 3115585788 3115585788 0 343786 0 0.258959 10 10 5120 100085 6 10 10 5120 95384 9 4608 82303 1 512 13085 1 512 4216
1697464239665473 10 0 1 9 10 10 0 0 0 0 0 0 33 9 9 0 200 167 158 0 0 0 1189269 78195 0 11159 208689 64001 487227962 334391 101229 3136510465 3136510465 0 345857 0 0.260232 10 10 5120 100085 6 10 10 5120 95384 9 4608 91155 1 512 13085 1 512 4216
1697464240217843 10 0 1 9 10 10 0 0 0 0 0 0 32 9 9 0 200 168 159 0 0 0 1190225 78704 0 11229 208789 64031 487778573 334522 101245 3156776471 3156776471 0 347928 0 0.261488 10 10 5120 98278 5 10 10 5120 95384 9 4608 91160 1 512 13085 1 512 4216
1697464241551345 10 0 1 9 10 10 0 0 0 0 0 0 31 9 9 0 200 169 160 0 0 0 1191901 79236 0 11292 208898 64111 489109545 334613 101260 3175208236 3175208236 0 349999 0 0.262588 10 10 5120 96471 5 10 10 5120 95384 9 4608 82299 1 512 13085 1 512 4216
1697464242926914 10 0 1 9 10 10 0 0 0 0 0 0 30 9 9 0 200 170 161 0 0 0 1194310 79671 0 11385 209179 64158 490481742 334768 101276 3197834760 3197834760 0 352070 0 0.263552 10 10 5120 96471 6 10 10 5120 95384 9 4608 91168 1 512 13085 1 512 4216
1697464243617596 10 0 1 9 10 10 0 0 0 0 0 0 29 9 9 0 200 171 162 0 0 0 1195419 80091 0 11455 209272 64185 491170668 334840 101305 3218236428 3218236428 0 354141 0 0.264784 10 10 5120 94662 6 10 10 5120 95384 9 4608 82304 1 512 13085 1 512 4216
1697464248637459 10 0 0 10 10 10 0 0 0 0 0 0 28 10 10 0 200 172 162 0 0 0 1203001 80114 0 11455 210313 64246 496181668 334915 101332 3218236428 3218236428 0 356212 0 0.264754 10 10 5120 96467 6 10 10 5120 95384 10 5120 95384 1 512 13085 1 512 4216
1697464250021969 10 0 1 9 10 10 0 0 0 0 0 0 28 9 9 0 200 172 163 0 0 0 1203387 80559 0 11515 210407 64273 497565181 334923 101332 3236545740 3236545740 0 356212 0 0.264583 10 10 5120 96467 6 10 10 5120 95384 9 4608 82303 1 512 13085 1 512 4216
1697464255000186 10 0 1 9 10 10 0 0 0 0 0 0 27 9 9 0 200 173 164 0 0 0 1207181 81135 0 11585 210726 64342 502538488 335011 101361 3254903924 3254903924 0 358283 0 0.265219 10 10 5120 96468 6 10 10 5120 95384 9 4608 82304 1 512 13085 1 512 4216
1697464255606608 10 0 1 9 10 10 0 0 0 0 0 0 26 9 9 0 200 174 165 0 0 0 1208178 81508 0 11653 210781 64369 503143358 335075 101388 3277190179 3277190179 0 360354 0 0.266468 10 10 5120 98275 6 10 10 5120 95384 9 4608 82308 1 512 13085 1 512 4216
1697464259447382 10 0 1 9 10 10 0 0 0 0 0 0 25 9 9 0 200 175 166 0 0 0 1212254 81920 0 11722 211223 64421 506979031 335149 101416 3299125017 3299125017 0 362425 0 0.267070 10 10 5120 100081 7 10 10 5120 95384 9 4608 91152 1 512 13085 1 512 4216
1697464261930526 10 0 1 9 10 10 0 0 0 0 0 0 24 9 9 0 200 176 167 0 0 0 1214124 82341 0 11783 211313 64469 509459635 335222 101432 3318190630 3318190630 0 364496 0 0.268122 10 10 5120 100085 6 10 10 5120 95384 9 4608 82303 1 512 13085 1 512 4216
1697464262775433 10 0 1 9 10 10 0 0 0 0 0 0 23 9 9 0 200 177 168 0 0 0 1215034 82736 0 11845 211362 64496 510303061 335287 101458 3335741097 3335741097 0 366567 0 0.269374 10 10 5120 100085 6 10 10 5120 95384 9 4608 82299 1 512 13085 1 512 4216
1697464264646791 10 0 1 9 10 10 0 0 0 0 0 0 22 9 9 0 200 178 169 0 0 0 1216972 83147 0 11904 211617 64535 512171645 335371 101473 3355699529 3355699529 0 368638 0 0.270406 10 10 5120 100086 5 10 10 5120 95384 9 4608 91160 1 512 13085 1 512 4216
1697464265779700 10 0 1 9 10 10 0 0 0 0 0 0 21 9 9 0 200 179 170 0 0 0 1218532 83563 0 11967 211880 64569 513302140 335473 101491 3377415629 3377415629 0 370709 0 0.271513 10 10 5120 98278 5 10 10 5120 95384 9 4608 91155 1 512 13085 1 512 4216
1697464267185892 10 0 1 9 10 10 0 0 0 0 0 0 20 9 9 0 200 180 171 0 0 0 1220074 83902 0 12025 212162 64602 514706002 335565 101507 3397198351 3397198351 0 372780 0 0.272636 10 10 5120 96471 5 10 10 5120 95384 9 4608 91168 1 512 13085 1 512 4216
1697464267257495 10 0 1 9 10 10 0 0 0 0 0 0 19 9 9 0 200 181 172 0 0 0 1220959 84232 0 12087 212209 64628 514776216 335632 101525 3416819521 3416819521 0 374851 0 0.273895 10 10 5120 94662 5 10 10 5120 95384 9 4608 82304 1 512 13085 1 512 4216
1697464272650029 10 0 0 10 10 10 0 0 0 0 0 0 18 10 10 0 200 182 172 0 0 0 1225515 84251 0 12087 212968 64674 520163169 335737 101543 3416819521 3416819521 0 376922 0 0.274447 10 10 5120 96467 5 10 10 5120 95384 10 5120 95384 1 512 13085 1 512 4216
1697464273109787 10 0 1 9 10 10 0 0 0 0 0 0 18 9 9 0 200 182 173 0 0 0 1225515 84657 0 12144 213051 64696 520622368 335746 101543 3436276713 3436276713 0 376922 0 0.274362 10 10 5120 96467 5 10 10 5120 95384 9 4608 82303 1 512 13085 1 512 4216
1697464277917996 10 0 1 9 10 10 0 0 0 0 0 0 17 9 9 0 200 183 174 0 0 0 1227911 85099 0 12205 213310 64742 525427270 335870 101561 3455548132 3455548132 0 378993 0 0.275273 10 10 5120 96468 6 10 10 5120 95384 9 4608 82304 1 512 13085 1 512 4216
1697464278463737 10 0 1 9 10 10 0 0 0 0 0 0 16 9 9 0 200 184 175 0 0 0 1228811 85548 0 12293 213418 64774 525971198 336158 101578 3474721455 3474721455 0 381064 0 0.276493 10 10 5120 96468 6 10 10 5120 95384 9 4608 82308 1 512 13085 1 512 4216
1697464283168040 10 0 0 10 10 10 0 0 0 0 0 0 15 10 10 0 200 185 175 0 0 0 1231618 85562 0 12293 213763 64819 530672093 336280 101595 3474721455 3474721455 0 383135 0 0.277400 10 10 5120 98274 6 10 10 5120 95384 10 5120 95384 1 512 13085 1 512 4216
1697464284283105 10 0 1 9 10 10 0 0 0 0 0 0 15 9 9 0 200 185 176 0 0 0 1231799 85951 0 12348 213846 64842 531786437 336287 101595 3495507746 3495507746 0 383135 0 0.277280 10 10 5120 98274 6 10 10 5120 95384 9 4608 91152 1 512 13085 1 512 4216
1697464284680855 10 0 1 9 10 10 0 0 0 0 0 0 14 9 9 0 200 186 177 0 0 0 1232544 86343 0 12412 213893 64868 532182853 336372 101623 3514620105 3514620105 0 385206 0 0.278539 10 10 5120 96468 6 10 10 5120 95384 9 4608 82303 1 512 13085 1 512 4216
1697464286020673 10 0 1 9 10 10 0 0 0 0 0 0 13 9 9 0 200 187 178 0 0 0 1233591 86733 0 12475 214015 64906 533520937 336472 101639 3534205582 3534205582 0 387277 0 0.279731 10 10 5120 98277 6 10 10 5120 95384 9 4608 82299 1 512 13085 1 512 4216
1697464290182250 10 0 1 9 10 10 0 0 0 0 0 0 12 9 9 0 200 188 179 0 0 0 1236252 87110 0 12560 214652 70792 537672658 336613 101669 3553109757 3553109757 0 389348 0 0.280582 10 10 5120 100085 5 10 10 5120 95384 9 4608 82304 1 512 13085 1 512 4216
1697464290543110 10 0 1 9 10 10 0 0 0 0 0 0 11 9 9 0 200 189 180 0 0 0 1237153 88445 0 12696 214708 70837 538030877 336870 101691 3574529260 3574529260 0 391419 0 0.281598 10 10 5120 100085 5 10 10 5120 95384 9 4608 91160 1 512 13085 1 512 4216
1697464292169683 10 0 1 9 10 10 0 0 0 0 0 0 10 9 9 0 200 190 181 0 0 0 1238075 89921 0 12769 214765 70897 539654791 336955 101732 3595049168 3595049168 0 393490 0 0.282577 10 10 5120 98277 5 10 10 5120 95384 9 4608 91168 1 512 13085 1 512 4216
1697464292981331 10 0 1 9 10 10 0 0 0 0 0 0 9 9 9 0 200 191 182 0 0 0 1238816 90304 0 12856 214817 70925 540465062 337083 101748 3617888139 3617888139 0 395561 0 0.283824 10 10 5120 96468 5 10 10 5120 95384 9 4608 91155 1 512 13085 1 512 4216
1697464294840811 10 0 1 9 10 10 0 0 0 0 0 0 8 9 9 0 200 192 183 0 0 0 1239969 90827 0 12929 215121 70969 542322368 337182 101764 3635979937 3635979937 0 397632 0 0.284951 10 10 5120 96467 6 10 10 5120 95384 9 4608 82303 1 512 13085 1 512 4216
1697464299487591 10 0 0 10 10 10 0 0 0 0 0 0 7 10 10 0 200 193 183 0 0 0 1242695 90850 0 12929 216151 71010 546965155 337276 101782 3635979937 3635979937 0 399703 0 0.285844 10 10 5120 96468 5 10 10 5120 95384 10 5120 95384 1 512 13085 1 512 4216
1697464301214810 10 0 1 9 10 10 0 0 0 0 0 0 7 9 9 0 200 193 184 0 0 0 1242944 91241 0 13000 216260 71033 548691558 337283 101782 3655027840 3655027840 0 399703 0 0.285707 10 10 5120 96468 5 10 10 5120 95384 9 4608 82308 1 512 13085 1 512 4216
1697464301948487 10 0 1 9 10 10 0 0 0 0 0 0 6 9 9 0 200 194 185 0 0 0 1243660 91570 0 13061 216325 71070 549423969 337369 101798 3675410811 3675410811 0 401774 0 0.286963 10 10 5120 96467 6 10 10 5120 95384 9 4608 82304 1 512 13085 1 512 4216
1697464306596228 10 0 0 10 10 10 0 0 0 0 0 0 5 10 10 0 200 195 185 0 0 0 1245461 91585 0 13061 216797 71093 554069200 337483 101814 3675410811 3675410811 0 403845 0 0.288050 10 10 5120 96467 6 10 10 5120 95384 10 5120 95384 1 512 13085 1 512 4216
1697464308683366 10 0 1 9 10 10 0 0 0 0 0 0 5 9 9 0 200 195 186 0 0 0 1245825 92054 0 13167 216892 71122 556155317 337491 101814 3695759314 3695759314 0 403845 0 0.287871 10 10 5120 96467 6 10 10 5120 95384 9 4608 82303 1 512 13085 1 512 4216
1697464311801990 10 0 1 9 10 10 0 0 0 0 0 0 4 9 9 0 200 196 187 0 0 0 1246900 92428 0 13232 216948 71154 559272298 337545 101841 3717897619 3717897619 0 405916 0 0.289034 10 10 5120 98274 6 10 10 5120 95384 9 4608 82299 1 512 13085 1 512 4216
1697464312846256 10 0 1 9 10 10 0 0 0 0 0 0 3 9 9 0 200 197 188 0 0 0 1247753 92825 0 13298 217169 71194 560314944 337611 101856 3736585931 3736585931 0 407987 0 0.290238 10 10 5120 100084 7 10 10 5120 95384 9 4608 82304 1 512 13085 1 512 4216
1697464313783870 10 0 1 9 10 10 0 0 0 0 0 0 2 9 9 0 200 198 189 0 0 0 1249293 93311 0 13371 219226 71257 561248253 337722 101872 3761940538 3761940538 0 410058 0 0.291271 10 10 5120 101891 5 10 10 5120 95384 9 4608 91152 1 512 13085 1 512 4216
1697464317079067 10 0 1 9 10 10 0 0 0 0 0 0 1 9 9 0 200 199 190 0 0 0 1250222 94496 0 13485 219638 71298 564540749 337812 101888 3783988325 3783988325 0 412129 0 0.292282 10 10 5120 100085 7 10 10 5120 95384 9 4608 91160 1 512 13085 1 512 4216
1697464317567394 10 0 1 9 10 10 0 0 0 0 0 0 0 9 9 0 200 200 191 0 0 0 1250856 95011 0 13549 219728 71323 565027652 337937 101904 3803068795 3803068795 0 414200 0 0.293500 10 10 5120 98277 5 10 10 5120 95384 9 4608 82303 1 512 13085 1 512 4216
1697464317758506 10 0 2 8 10 10 0 0 0 0 0 0 0 8 8 0 200 200 192 0 0 0 1250856 96227 0 13620 219776 71370 565217327 338024 101904 3824208228 3824208228 0 414200 0 0.293235 10 10 5120 98277 6 10 10 5120 95384 8 4096 78087 1 512 13085 1 512 4216
1697464319687012 10 0 3 7 10 10 0 0 0 0 0 0 0 7 7 0 200 200 193 0 0 0 1250859 96689 0 13684 220077 71400 567144887 338133 101904 3846553717 3846553717 0 414200 0 0.293134 10 10 5120 96469 5 10 10 5120 95384 7 3584 73858 1 512 13085 1 512 4216
1697464323009559 10 0 4 6 10 10 0 0 0 0 0 0 0 6 6 0 200 200 194 0 0 0 1250864 97125 0 13776 220316 71445 570466394 338407 101904 3864649300 3864649300 0 414200 0 0.293038 10 10 5120 96468 6 10 10 5120 95384 6 3072 60782 1 512 13085 1 512 4216
1697464324993063 10 0 5 5 10 10 0 0 0 0 0 0 0 5 5 0 200 200 195 0 0 0 1250865 97623 0 13839 220410 71469 572449064 338585 101904 3884047221 3884047221 0 414200 0 0.292929 10 10 5120 96467 5 10 10 5120 95384 5 2560 47702 1 512 13085 1 512 4216
1697464331626790 10 0 5 5 10 10 0 0 0 0 0 0 0 5 4 1 200 200 195 0 0 0 1250868 97632 0 13839 220524 71482 579082211 338715 101904 3903352573 3884047221 0 414200 0 0.292927 10 10 5120 96467 6 10 10 5120 95384 5 2560 47702 1 512 13085 1 512 4216
1697464331627071 10 0 6 4 10 10 0 0 0 0 0 0 0 4 4 0 200 200 196 0 0 0 1250868 98129 0 13911 220524 71527 579082211 338715 101904 3903352573 3903352573 0 414200 0 0.292819 10 10 5120 96467 6 10 10 5120 95384 4 2048 34621 1 512 13085 1 512 4216
1697464333904257 10 0 7 3 10 10 0 0 0 0 0 0 0 3 3 0 200 200 197 0 0 0 1250869 98630 0 13977 220582 71554 581358606 338884 101904 3921627881 3921627881 0 414200 0 0.292710 10 10 5120 98274 6 10 10 5120 95384 3 1536 21536 1 512 13085 1 512 4216
1697464335529823 10 0 8 2 10 10 0 0 0 0 0 0 0 2 2 0 200 200 198 0 0 0 1250871 99024 0 14039 220662 71580 582983560 338956 101904 3940267060 3940267060 0 414200 0 0.292624 10 10 5120 100082 5 10 10 5120 95384 2 1024 8456 1 512 13085 1 512 4216
1697464338079252 10 0 9 1 10 10 0 0 0 0 0 0 0 1 1 0 200 200 199 0 0 0 1250878 99493 0 14097 220777 71610 585532246 339042 101904 3960559989 3960559989 0 414200 0 0.292521 10 10 5120 101891 5 10 10 5120 95384 1 512 4224 1 512 13085 1 512 4216
1697464342601226 10 0 10 0 10 10 0 0 0 0 0 0 0 0 0 0 200 200 200 0 0 0 1250884 100316 0 14169 220853 71672 590053055 339190 101904 3981586182 3981586182 0 414200 0 0.292342 10 10 5120 100085 6 10 10 5120 95384 0 0 0 1 512 13085 1 512 4216
1697464342609858 0 0 0 0 0 10 10 10 0 0 0 0 0 0 0 0 200 200 200 0 0 0 1250884 100316 0 14169 220853 71672 590053055 339190 101904 3981586182 3981586182 0 414200 0 0.292342 10 10 5120 98278 5 10 0 0 0 0 0 0 0 0 0 0 0 0
